stellarphot/tests/data/all_refcat2_ey_uma.ecsv
# %ECSV 1.0
# ---
# datatype:
# - name: _r
#   datatype: float64
#   format: '{:7.4f}'
#   description: Distance from center (135.55089993+49.84289111)[ICRS], at Epoch=J2015.5
#   meta: !!omap
#   - {ucd: POS_ANG_DIST_GENERAL}
#   - {width: 7}
#   - {precision: '4'}
# - name: GaiaDR2
#   datatype: string
#   description: Display the Gaia DR2 data (Gaia collaboation, 2018, I/345)
#   meta: !!omap
#   - {ucd: DATA_LINK}
#   - {_votable_string_dtype: char}
# - name: RA_ICRS
#   unit: deg
#   datatype: float64
#   format: '{:12.8f}'
#   description: Right ascension from Gaia DR2 (ICRS), epoch 2015.5 (RA)
#   meta: !!omap
#   - {ucd: POS_EQ_RA_MAIN}
#   - {width: 12}
#   - {precision: '8'}
# - name: DE_ICRS
#   unit: deg
#   datatype: float64
#   format: '{:12.8f}'
#   description: Declination from Gaia DR2 (ICRS), epoch 2015.5 (Dec)
#   meta: !!omap
#   - {ucd: POS_EQ_DEC_MAIN}
#   - {width: 12}
#   - {precision: '8'}
# - name: Plx
#   unit: mas
#   datatype: float64
#   format: '{:8.2f}'
#   description: '? Parallax from Gaia DR2 (plx)'
#   meta: !!omap
#   - {ucd: POS_PARLX_TRIG}
#   - {width: 8}
#   - {precision: '2'}
#   - values: {'null': .nan}
# - name: e_Plx
#   unit: mas
#   datatype: float32
#   format: '{:5.2f}'
#   description: '? Parallax uncertainty (dplx)'
#   meta: !!omap
#   - {ucd: ERROR}
#   - {width: 5}
#   - {precision: '2'}
#   - values: {'null': .nan}
# - name: pmRA
#   unit: mas / yr
#   datatype: float64
#   format: '{:8.2f}'
#   description: '? Proper motion in right ascension from Gaia DR2 (pmra)'
#   meta: !!omap
#   - {ucd: POS_EQ_PMRA}
#   - {width: 8}
#   - {precision: '2'}
#   - values: {'null': .nan}
# - name: e_pmRA
#   unit: mas / yr
#   datatype: float32
#   format: '{:5.2f}'
#   description: '? Proper-motion uncertainty in right ascension (dpmra)'
#   meta: !!omap
#   - {ucd: ERROR}
#   - {width: 5}
#   - {precision: '2'}
#   - values: {'null': .nan}
# - name: pmDE
#   unit: mas / yr
#   datatype: float64
#   format: '{:8.2f}'
#   description: '? Proper motion in declination from Gaia DR2 (pmdec)'
#   meta: !!omap
#   - {ucd: POS_EQ_PMDEC}
#   - {width: 8}
#   - {precision: '2'}
#   - values: {'null': .nan}
# - name: e_pmDE
#   unit: mas / yr
#   datatype: float32
#   format: '{:5.2f}'
#   description: '? Proper-motion uncertainty in declination (dpmdec)'
#   meta: !!omap
#   - {ucd: ERROR}
#   - {width: 5}
#   - {precision: '2'}
#   - values: {'null': .nan}
# - name: Gmag
#   unit: mag
#   datatype: float32
#   format: '{:6.3f}'
#   description: '? Gaia DR2 G magnitude (Gaia)'
#   meta: !!omap
#   - {ucd: PHOT_MAG_OPTICAL}
#   - {width: 6}
#   - {precision: '3'}
#   - values: {'null': .nan}
# - name: e_Gmag
#   unit: mag
#   datatype: float32
#   format: '{:6.3f}'
#   description: '? Gaia DR2 G-magnitude uncertainty (dGaia)'
#   meta: !!omap
#   - {ucd: ERROR}
#   - {width: 6}
#   - {precision: '3'}
#   - values: {'null': .nan}
# - name: BPmag
#   unit: mag
#   datatype: float32
#   format: '{:6.3f}'
#   description: '? Gaia GBP magnitude (BP)'
#   meta: !!omap
#   - {ucd: PHOT_MAG_B}
#   - {width: 6}
#   - {precision: '3'}
#   - values: {'null': .nan}
# - name: e_BPmag
#   unit: mag
#   datatype: float64
#   format: '{:7.3f}'
#   description: '? Gaia GBP-magnitude uncertainty (dBP)'
#   meta: !!omap
#   - {ucd: ERROR}
#   - {width: 7}
[...]
#   datatype: float32
#   format: '{:6.3f}'
#   description: '? J-magnitude uncertainty (dJ)'
#   meta: !!omap
#   - {ucd: ERROR}
#   - {width: 6}
#   - {precision: '3'}
#   - values: {'null': .nan}
# - name: Hmag
#   unit: mag
#   datatype: float32
#   format: '{:6.3f}'
#   description: '? 2MASS H magnitude (H)'
#   meta: !!omap
#   - {ucd: PHOT_JHN_H}
#   - {width: 6}
#   - {precision: '3'}
#   - values: {'null': .nan}
# - name: e_Hmag
#   unit: mag
#   datatype: float32
#   format: '{:6.3f}'
#   description: '? 2MASS H-magnitude uncertainty (dH)'
#   meta: !!omap
#   - {ucd: ERROR}
#   - {width: 6}
#   - {precision: '3'}
#   - values: {'null': .nan}
# - name: Kmag
#   unit: mag
#   datatype: float32
#   format: '{:6.3f}'
#   description: '? 2MASS K magnitude (K)'
#   meta: !!omap
#   - {ucd: PHOT_JHN_K}
#   - {width: 6}
#   - {precision: '3'}
#   - values: {'null': .nan}
# - name: e_Kmag
#   unit: mag
#   datatype: float32
#   format: '{:6.3f}'
#   description: '? 2MASS K-magnitude uncertainty (dK)'
#   meta: !!omap
#   - {ucd: ERROR}
#   - {width: 6}
#   - {precision: '3'}
#   - values: {'null': .nan}
# - name: id
#   datatype: int64
#   meta: !!omap
#   - {ucd: meta.id}
# meta: !!omap
# - {ID: J_ApJ_867_105_refcat2}
# - {name: J/ApJ/867/105/refcat2}
# - {description: 'ATLAS all-sky stellar reference catalog, ATLAS-REFCAT2'}
# schema: astropy-2.0
_r GaiaDR2 RA_ICRS DE_ICRS Plx e_Plx pmRA e_pmRA pmDE e_pmDE Gmag e_Gmag BPmag e_BPmag RPmag e_RPmag Teff AG dupvar Ag rp1 r1 r10 gmag e_gmag gchi gcontrib rmag e_rmag rchi rcontrib imag e_imag ichi icontrib zmag e_zmag zchi zcontrib nstat Jmag e_Jmag Hmag e_Hmag Kmag e_Kmag id
[from data line 117]
9.729 GaiaDR2 135.34738102 49.93829154 0.61 0.26 10.57 0.42 -6.26 0.36 18.979 0.003 19.801 0.05 17.99 0.024 "" "" 2 0.065 99.9 99.9 99.9 20.099 0.02 0.03 05 19.041 0.015 0.1 05 18.398 0.012 0.03 05 18.088 0.014 0.07 05 0 "" "" "" "" "" "" 1015805395237205504
7.6801 GaiaDR2 135.41924232 49.93875542 1.27 0.22 2.59 0.31 -16.73 0.32 18.636 0.002 19.667 0.036 17.636 0.009 "" "" 2 0.064 26.1 26.1 26.1 19.946 0.014 1.44 05 18.804 0.012 0.01 05 18.001 0.011 0.8 05 17.628 0.012 0.85 05 0 16.334 0.119 15.849 0.159 15.527 0.189 1015805910633280896
6.5172 GaiaDR2 135.41397731 49.90623057 1.09 0.05 -7.13 0.08 -8.93 0.07 16.32 0.001 16.959 0.003 15.572 0.003 4869 0.317 2 0.065 99.9 99.9 99.9 17.116 0.01 0.0 05 16.229 0.011 0.8 05 15.921 0.01 0.11 05 15.798 0.01 0.07 05 0 14.611 0.028 14.143 0.051 13.911 0.05 1015805811849738624
7.8504 GaiaDR2 135.42688826 49.94651064 1.09 0.07 -3.14 0.1 -6.2 0.1 16.748 0.001 17.489 0.006 15.905 0.003 4278 0.589 2 0.065 33.1 99.9 99.9 17.715 0.012 0.02 05 16.737 0.011 0.1 05 16.286 0.013 0.01 05 16.053 0.011 0.03 05 0 14.803 0.031 14.167 0.05 13.978 0.061 1015806018008168320
7.1849 GaiaDR2 135.43293112 49.93542905 0.44 0.11 -5.26 0.17 -8.57 0.15 17.578 0.001 18.077 0.009 16.914 0.005 "" "" 2 0.066 33.9 99.9 99.9 18.177 0.011 0.01 05 17.502 0.012 0.26 05 17.265 0.01 0.06 05 17.168 0.011 0.01 05 0 16.004 0.09 15.481 0.149 15.404 0.199 1015806018008200960
8.04 GaiaDR2 135.44042096 49.95643292 0.88 0.28 -0.86 0.43 -3.54 0.35 19.105 0.002 19.884 0.053 18.242 0.016 "" "" 2 0.065 99.9 99.9 99.9 20.17 0.02 0.15 05 19.081 0.013 0.37 05 18.568 0.011 0.54 05 18.364 0.011 0.11 05 0 "" "" "" "" "" "" 1015806048072243200
6.8622 GaiaDR2 135.46922742 49.94444111 -0.37 0.24 -2.37 0.35 -1.61 0.34 18.807 0.003 18.993 0.03 17.807 0.016 "" "" 2 0.066 0.7 31.0 31.0 19.178 0.014 0.53 05 18.468 0.02 0.02 05 18.2 0.011 0.04 05 18.108 0.023 0.37 05 0 "" "" "" "" "" "" 1015805983648428672
7.3773 GaiaDR2 135.46233759 49.95181078 1.03 0.02 4.37 0.03 -4.06 0.02 13.494 0.001 13.759 0.001 13.07 0.001 6398 0.347 2 0.068 99.9 99.9 99.9 13.768 0.02 0.07 11 13.495 0.02 0.04 11 13.426 0.019 0.03 15 13.436 0.011 0.04 05 0 12.611 0.017 12.413 0.032 12.341 0.023 1015805983648428800
7.7683 GaiaDR2 135.40116205 49.9292331 0.75 0.09 -1.25 0.14 -0.16 0.12 17.217 0.001 17.823 0.012 16.482 0.005 "" "" 2 0.065 35.6 35.6 99.9 17.987 0.011 0.04 05 17.15 0.011 0.32 05 16.837 0.01 0.06 05 16.701 0.01 0.01 05 0 15.61 0.061 14.982 0.067 14.751 0.1 1015806086727679104
7.9445 GaiaDR2 135.40803473 49.93807646 -0.03 0.03 -0.09 0.05 -1.62 0.05 15.451 0.001 16.094 0.002 14.682 0.001 4409 "" 2 0.065 35.6 99.9 99.9 16.236 0.01 0.57 15 15.435 0.009 0.72 15 15.057 0.009 1.19 15 14.883 0.01 0.01 05 0 13.674 0.021 13.069 0.029 12.888 0.028 1015806121087383680
9.4124 GaiaDR2 135.43107637 49.97947463 1.81 0.1 2.1 0.14 -5.09 0.13 17.49 0.001 18.467 0.012 16.482 0.004 "" "" 2 0.065 99.9 99.9 99.9 18.871 0.013 0.02 05 17.625 0.01 0.01 05 16.869 0.011 0.38 05 16.526 0.011 0.24 05 0 15.234 0.049 14.649 0.076 14.394 0.08 1015806258526336384
9.5556 GaiaDR2 135.41409126 49.97556185 1.15 0.23 -5.17 0.31 -1.16 0.31 18.746 0.002 19.945 0.058 17.626 0.009 "" "" 2 0.064 99.9 99.9 99.9 20.364 0.02 0.93 05 19.108 0.012 1.09 05 18.027 0.01 0.88 05 17.539 0.01 1.42 05 0 16.03 0.08 15.594 0.168 15.4 0.158 1015806322950159360
7.8061 GaiaDR2 135.49419753 49.96776227 0.62 0.2 -1.77 0.3 -1.13 0.29 18.734 0.002 19.483 0.04 17.816 0.012 "" "" 2 0.066 26.6 99.9 99.9 19.838 0.021 0.84 05 18.727 0.011 0.02 05 18.191 0.01 0.08 05 17.945 0.012 0.05 05 0 16.737 0.144 15.999 "" 15.641 0.209 1015806391669632000
8.7509 GaiaDR2 135.48567782 49.9825609 0.71 0.2 -6.09 0.3 -7.15 0.27 18.677 0.002 19.529 0.032 17.651 0.012 "" "" 2 0.066 99.9 99.9 99.9 19.966 0.017 0.7 05 18.819 0.012 0.99 05 18.053 0.011 0.1 05 17.702 0.01 0.38 05 0 16.183 0.105 15.663 0.126 15.353 0.162 1015806499044503296
7.7001 GaiaDR2 135.73672883 49.79711995 0.45 0.04 "" 0.07 -6.6 0.08 15.799 0.001 16.129 0.003 15.304 0.002 5821 0.325 2 0.082 99.9 99.9 99.9 16.142 0.01 0.04 15 15.77 0.01 0.39 15 15.641 0.01 0.97 15 15.635 0.011 0.02 05 0 14.789 0.038 14.461 0.051 14.494 0.071 1015809453982030976
8.9049 GaiaDR2 135.76400029 49.78703874 0.07 0.04 -0.77 0.06 -5.72 0.06 15.426 0.001 15.802 0.002 14.872 0.002 5269 "" 2 0.083 99.9 99.9 99.9 15.841 0.008 0.01 17 15.401 0.008 1.76 17 15.219 0.008 0.53 17 15.165 0.009 0.94 07 0 14.215 0.028 13.753 0.039 13.741 0.046 1015809385262553600
8.5634 GaiaDR2 135.77183781 49.83476516 2.58 0.12 -2.08 0.18 9.89 0.16 17.57 0.001 18.892 0.017 16.404 0.004 "" "" 2 0.078 99.9 99.9 99.9 19.207 0.012 8.82 05 18.075 0.013 3.4 05 16.845 0.01 0.61 05 16.312 0.011 0.88 05 0 14.862 "" 14.23 0.051 14.188 "" 1015809587125225472
9.6983 GaiaDR2 135.7993934 49.82201511 0.19 0.34 2.33 0.52 -4.42 0.51 19.425 0.003 20.333 0.055 18.425 0.018 "" "" 2 0.08 31.1 31.1 31.1 20.797 0.019 0.67 05 19.513 0.022 0.01 05 18.789 0.011 0.53 05 18.475 0.012 0.32 05 0 "" "" "" "" "" "" 1015809552765480192
9.4146 GaiaDR2 135.79332192 49.82971515 0.88 0.05 -8.57 0.08 -3.59 0.08 16.14 0.001 16.606 0.005 15.52 0.004 5027 0.021 2 0.082 31.7 31.7 31.7 16.664 0.011 0.06 05 16.091 0.01 0.09 05 15.875 0.01 0.03 05 15.804 0.01 0.05 05 0 14.846 0.038 14.444 0.063 14.256 0.064 1015809557061244544
9.6223 GaiaDR2 135.79497409 49.81241849 2.02 0.04 19.77 0.06 -24.48 0.05 15.326 0.001 15.953 0.002 14.575 0.001 4817 0.112 2 0.081 99.9 99.9 99.9 16.129 0.01 2.4 15 15.278 0.009 0.28 15 14.937 0.009 0.06 15 14.792 0.01 0.03 05 0 13.676 0.023 13.027 0.027 12.917 0.029 1015809522701546496
9.3899 GaiaDR2 135.79330213 49.85057649 0.53 0.32 -7.55 0.49 -0.34 0.47 19.317 0.004 20.144 0.048 18.314 0.021 "" "" 2 0.079 34.4 99.9 99.9 20.607 0.028 1.28 05 19.375 0.026 0.09 05 18.687 0.011 0.28 05 18.363 0.013 0.5 05 0 "" "" "" "" "" "" 1015810003737843200
9.9423 GaiaDR2 135.8069313 49.8291433 1.93 0.05 -2.37 0.08 -3.05 0.08 13.568 0.001 14.021 0.002 12.955 0.001 5045 0.681 2 0.082 21.4 99.9 99.9 14.106 0.008 2.0 17 13.53 0.012 0.22 17 13.312 0.012 0.43 13 13.24 0.009 1.35 07 0 12.2 0.021 11.753 0.027 11.65 0.02 1015809935018366208
6.722 GaiaDR2 135.72404087 49.83383185 1.03 0.03 3.43 0.05 -6.55 0.04 14.747 0.001 15.141 0.002 14.201 0.001 5412 0.298 6 0.081 33.3 99.9 99.9 15.176 0.009 0.7 15 14.692 0.01 0.24 15 14.551 0.009 1.0 15 14.516 0.01 0.05 05 0 13.579 0.03 13.309 0.035 13.138 0.028 1015812507702716032
7.8725 GaiaDR2 135.75409926 49.84972245 0.97 0.12 -8.02 0.18 4.94 0.17 17.748 0.001 18.527 0.013 16.854 0.006 "" "" 2 0.079 99.9 99.9 99.9 18.826 0.012 0.22 05 17.744 0.01 0.12 05 17.222 0.01 0.13 05 16.987 0.011 0.03 05 0 15.795 0.065 15.067 0.089 15.005 0.121 1015812615077960064
6.5725 GaiaDR2 135.72076299 49.84282973 0.33 0.07 -6.47 0.11 -3.87 0.1 16.774 0.001 17.151 0.004 16.236 0.003 5439 "" 2 0.08 33.3 33.3 99.9 17.176 0.01 0.02 05 16.721 0.01 0.12 05 16.572 0.01 0.1 05 16.542 0.01 0.01 05 0 15.645 0.054 15.127 0.096 15.106 0.129 1015812718157175680
6.0878 GaiaDR2 135.70662384 49.85747946 0.17 0.13 8.31 0.2 -15.5 0.19 17.914 0.001 18.219 0.009 17.421 0.01 "" "" 2 0.079 99.9 99.9 99.9 18.241 0.015 0.02 05 17.879 0.01 0.01 05 17.744 0.01 0.17 05 17.719 0.011 0.06 05 0 "" "" "" "" "" "" 1015812786876652800
5.7169 GaiaDR2 135.69859491 49.84555169 1.23 0.35 0.58 0.55 3.27 0.54 19.532 0.003 20.374 0.11 18.388 0.021 "" "" 2 0.075 99.9 99.9 99.9 21.122 0.077 4.09 05 19.823 0.039 5.83 05 18.78 0.013 0.31 05 18.312 0.016 2.68 05 0 16.54 0.14 16.19 0.225 16.047 "" 1015812748221158784
8.0237 GaiaDR2 135.75359846 49.87128711 0.94 0.16 -2.0 0.24 -6.92 0.27 18.301 0.001 19.165 0.018 17.326 0.007 "" "" 2 0.078 99.9 99.9 99.9 19.549 0.016 0.31 05 18.347 0.012 0.04 05 17.707 0.011 0.23 05 17.407 0.011 0.15 05 0 16.091 0.09 15.387 0.115 15.378 0.166 1015812851300384640
8.8762 GaiaDR2 135.77929003 49.85698607 1.89 0.11 -2.56 0.17 -4.43 0.17 17.337 0.001 18.433 0.014 16.286 0.007 "" "" 2 0.078 99.9 99.9 99.9 18.773 0.013 1.54 05 17.541 0.011 0.01 05 16.686 0.01 0.51 05 16.312 0.01 0.14 05 0 14.957 0.044 14.299 0.052 14.153 0.056 1015812958675343232
9.8609 GaiaDR2 135.78537666 49.9075168 0.6 0.12 -0.94 0.18 -3.43 0.17 17.727 0.001 18.293 0.012 16.978 0.006 "" "" 2 0.078 8.0 99.9 99.9 18.499 0.013 0.45 05 17.648 0.012 0.18 05 17.342 0.011 0.03 05 17.212 0.013 0.04 05 0 16.148 0.092 15.651 0.163 15.693 0.217 1015813370992201856
5.596 GaiaDR2 135.67836107 49.88703158 1.93 0.09 -11.01 0.12 -16.04 0.13 17.041 0.001 17.989 0.008 16.065 0.004 3873 0.437 2 0.074 20.1 27.3 99.9 18.375 0.011 0.05 05 17.147 0.011 0.03 05 16.448 0.01 0.34 05 16.129 0.01 0.16 05 0 14.815 0.037 14.216 0.046 13.929 0.053 1015813611510340608
5.8766 GaiaDR2 135.69849858 49.86607153 0.44 0.03 -4.27 0.05 "" 0.04 14.971 0.001 15.236 0.003 14.538 0.001 6190 1.048 2 0.079 99.9 99.9 99.9 15.239 0.01 0.05 15 14.958 0.009 0.05 15 14.871 0.009 0.17 15 14.88 0.011 0.0 05 0 14.019 0.028 13.79 0.035 13.672 0.043 1015813542790897408
7.2589 GaiaDR2 135.7093796 49.90774225 1.03 0.02 3.78 0.04 -19.27 0.03 14.282 0.001 14.602 0.001 13.78 0.001 5761 0.225 2 0.078 35.0 99.9 99.9 14.634 0.008 1.39 17 14.265 0.008 0.11 17 14.133 0.008 0.65 17 14.109 0.008 0.82 07 0 13.22 0.025 12.946 0.035 12.785 0.028 1015813748949292928
5.4572 GaiaDR2 135.66959642 49.89207772 0.57 0.06 0.57 0.09 -17.64 0.09 16.482 0.001 16.805 0.007 15.996 0.003 5829 0.021 2 0.076 8.9 99.9 99.9 16.822 0.011 0.0 05 16.444 0.01 0.04 05 16.326 0.01 0.12 05 16.317 0.01 0.0 05 0 15.562 0.061 15.249 0.108 14.843 0.104 1015813817668771200
5.4123 GaiaDR2 135.67063205 49.88958924 3.59 0.38 -1.8 0.51 8.59 0.61 18.763 0.003 19.534 0.067 16.902 0.006 "" "" 2 0.072 0.5 9.3 20.2 20.018 0.02 2.11 05 18.79 0.016 7.67 05 17.433 0.011 0.01 05 16.87 0.012 0.01 05 0 15.226 0.045 14.576 0.061 14.431 0.067 1015813817667516416
5.5021 GaiaDR2 135.64715148 49.91043194 0.58 0.38 -3.48 0.61 -14.69 0.57 19.53 0.004 20.392 0.063 18.473 0.018 "" "" 2 0.071 28.2 28.2 28.2 20.784 0.033 0.07 05 19.678 0.021 1.04 05 18.861 0.012 0.26 05 18.487 0.013 0.81 05 0 "" "" "" "" "" "" 1015813882092560896
4.7186 GaiaDR2 135.6541237 49.88481149 0.88 0.27 -5.88 0.4 -4.27 0.45 19.019 0.002 19.987 0.057 17.963 0.017 "" "" 6 0.072 34.2 99.9 99.9 20.372 0.026 0.06 05 19.193 0.013 0.35 05 18.358 0.011 0.34 05 17.991 0.013 0.33 05 0 16.871 0.172 15.972 0.189 15.664 0.213 1015813779013325056
5.4626 GaiaDR2 135.66001861 49.90070869 0.22 0.18 2.88 0.26 -5.92 0.3 18.453 0.002 18.666 0.02 18.034 0.015 "" "" 2 0.076 11.0 32.1 32.1 18.666 0.013 0.1 05 18.437 0.011 0.04 05 18.352 0.011 0.17 05 18.372 0.011 0.04 05 0 "" "" "" "" "" "" 1015813813373073792
5.5478 GaiaDR2 135.664351 49.89948611 0.38 0.39 -1.83 0.6 -3.74 0.61 19.593 0.004 20.324 0.069 18.626 0.02 "" "" 2 0.073 11.0 11.0 29.3 20.797 0.029 2.17 05 19.624 0.016 0.26 05 18.991 0.012 0.19 05 18.722 0.013 0.24 05 0 "" "" "" "" "" "" 1015813817668771584
5.0947 GaiaDR2 135.65581689 49.89424243 0.02 0.33 2.26 0.5 -6.27 0.53 19.446 0.003 19.668 0.045 18.884 0.03 "" "" 2 0.075 25.2 25.2 32.9 19.674 0.124 0.02 01 19.34 0.108 0.01 01 19.247 0.104 0.01 01 19.209 0.105 0.01 01 0 "" "" "" "" "" "" 1015813779013330304
5.7957 GaiaDR2 135.6592697 49.90962411 2.12 0.04 -4.37 0.06 6.93 0.06 15.626 0.001 16.351 0.002 14.798 0.002 4257 0.307 2 0.073 32.1 99.9 99.9 16.627 0.01 0.6 05 15.597 0.01 0.18 05 15.161 0.01 0.06 05 14.985 0.01 0.03 05 0 13.783 0.026 13.145 0.035 12.982 0.025 1015813886388248448
6.7854 GaiaDR2 135.67908155 49.92013763 0.36 0.34 0.65 0.54 -4.04 0.48 19.352 0.003 19.64 0.032 18.73 0.038 "" "" 2 0.076 31.3 31.3 31.3 19.677 0.124 0.02 01 19.247 0.11 0.01 01 19.097 0.107 0.01 01 19.029 0.107 0.01 01 0 "" "" "" "" "" "" 1015813985171784192
6.3234 GaiaDR2 135.67438658 49.91198904 1.06 0.07 -4.88 0.1 -10.25 0.11 16.37 0.001 17.021 0.006 15.591 0.003 4446 0.667 2 0.074 99.9 99.9 99.9 17.258 0.01 0.49 05 16.314 0.01 0.19 05 15.948 0.01 0.07 05 15.791 0.01 0.01 05 0 14.568 0.031 14.009 0.039 13.783 0.047 1015813920747985536
7.7965 GaiaDR2 135.724285 49.90922313 0.43 0.05 -2.49 0.08 -16.86 0.08 16.149 0.001 16.401 0.003 15.717 0.003 6396 0.06 2 0.078 35.0 35.0 99.9 16.416 0.01 2.73 15 16.16 0.01 0.15 15 16.055 0.01 5.93 15 16.05 0.011 0.02 05 0 15.199 0.041 14.822 0.084 14.854 0.106 1015814053891252992
8.3892 GaiaDR2 135.72524988 49.9261357 1.01 0.03 -5.74 0.05 -13.75 0.04 12.612 0.001 13.12 0.001 11.963 0.001 5020 "" 2 0.076 99.9 99.9 99.9 13.215 0.02 0.0 11 12.576 0.02 0.05 11 12.335 0.02 0.0 11 12.21 0.1 0.0 01 0 11.142 0.025 10.609 0.031 10.519 0.021 1015814122610417792
9.9071 GaiaDR2 135.75062073 49.94638564 0.63 0.16 2.09 0.29 -6.14 0.26 18.225 0.002 18.776 0.038 17.291 0.012 "" "" 2 0.076 26.6 26.6 26.6 18.786 0.101 12.53 01 17.996 0.013 0.76 05 17.568 0.01 1.14 05 17.388 0.012 0.66 05 0 16.234 0.105 15.408 0.125 15.602 0.198 1015814260050018176
9.0254 GaiaDR2 135.72369139 49.94406602 0.43 0.29 5.59 0.43 -3.13 0.46 19.137 0.003 19.713 0.059 18.313 0.018 "" "" 2 0.075 99.9 99.9 99.9 20.02 0.02 1.38 05 19.058 0.015 0.01 05 18.663 0.012 0.11 05 18.499 0.013 0.02 05 0 "" "" "" "" "" "" 1015814363129164032
7.9422 GaiaDR2 135.67391138 49.94892216 0.71 0.1 1.14 0.14 -1.13 0.14 17.103 0.001 17.701 0.008 16.343 0.005 "" "" 2 0.074 99.9 99.9 99.9 17.89 0.011 0.16 05 17.06 0.01 0.02 05 16.703 0.01 0.04 05 16.552 0.01 0.0 05 0 15.394 0.064 14.759 0.087 14.613 0.089 1015825774857722112
6.3712 GaiaDR2 135.64667302 49.92930721 1.17 0.29 -12.63 0.43 -9.93 0.49 19.248 0.003 20.33 0.077 18.1 0.016 "" "" 2 0.071 99.9 99.9 99.9 20.798 0.031 0.08 05 19.591 0.015 2.57 05 18.532 0.011 0.26 05 18.06 0.013 0.76 05 0 16.795 0.165 16.043 0.2 15.736 0.217 1015825736202312192
7.8339 GaiaDR2 135.65263972 49.95581763 0.81 0.03 -9.65 0.04 -20.52 0.04 14.893 0.001 15.211 0.002 14.406 0.001 5869 0.129 2 0.074 31.6 99.9 99.9 15.233 0.008 0.51 17 14.872 0.008 1.06 17 14.755 0.008 1.9 17 14.736 0.009 0.08 07 0 13.927 0.023 13.489 0.035 13.449 0.034 1015825843577199488
5.4292 GaiaDR2 135.59612664 49.92855658 0.62 0.25 4.46 0.31 0.77 0.34 18.695 0.002 19.314 0.031 17.922 0.013 "" "" 2 0.07 9.6 28.9 28.9 19.52 0.017 0.21 05 18.616 0.012 0.3 05 18.263 0.011 0.18 05 18.136 0.015 0.03 05 0 "" "" "" "" "" "" 1015825873641265152
5.4253 GaiaDR2 135.60000062 49.92759694 1.79 0.52 -6.57 0.77 -6.74 0.79 20.088 0.005 20.946 0.135 18.9 0.032 "" "" 2 0.068 9.6 9.6 99.9 21.723 0.062 2.69 04 20.388 0.018 4.74 05 19.318 0.015 0.15 05 18.85 0.014 1.52 05 0 "" "" "" "" "" "" 1015825873641264384
5.7873 GaiaDR2 135.59090441 49.93583917 2.59 0.03 4.83 0.05 0.52 0.05 11.219 0.001 11.433 0.001 10.87 0.001 6901 0.04 2 0.072 99.9 99.9 99.9 11.431 0.02 0.24 11 11.251 0.02 0.1 11 11.234 0.02 0.01 11 11.242 0.1 0.01 01 0 10.469 0.023 10.325 0.028 10.285 0.016 1015825942360416256
6.6236 GaiaDR2 135.60259416 49.94814271 5.83 0.05 36.59 0.08 -12.05 0.08 15.752 0.001 16.963 0.005 14.654 0.002 3511 0.237 2 0.069 11.9 31.9 99.9 17.333 0.013 2.9 05 16.122 0.01 1.11 05 15.069 0.01 0.62 05 14.605 0.01 0.7 05 0 13.185 0.026 12.58 0.031 12.376 0.025 1015825981016155264
6.4748 GaiaDR2 135.6046387 49.94510145 1.74 0.05 -0.11 0.08 -2.45 0.08 16.207 0.001 16.924 0.004 15.384 0.003 4424 0.233 2 0.07 11.9 11.9 99.9 17.182 0.011 0.43 05 16.172 0.01 0.2 05 15.751 0.01 0.03 05 15.568 0.01 0.01 05 0 14.406 0.034 13.727 0.037 13.623 0.035 1015825912296678400
6.6926 GaiaDR2 135.6160589 49.94623545 0.22 0.04 -3.72 0.07 0.69 0.07 15.974 0.001 16.236 0.003 15.547 0.002 6732 "" 2 0.073 26.8 31.9 99.9 16.245 0.011 1.43 15 15.966 0.01 1.0 15 15.892 0.01 0.05 15 15.893 0.011 0.0 05 0 15.055 0.056 14.743 0.073 14.778 0.089 1015825912296677888
