stellarphot/tests/data/all_refcat2_ey_uma.ecsv
# %ECSV 1.0
# ---
# datatype:
# - name: _r
#   datatype: float64
#   format: '{:7.4f}'
#   description: Distance from center (135.55089993+49.84289111)[ICRS], at Epoch=J2015.5
#   meta: !!omap
#   - {ucd: POS_ANG_DIST_GENERAL}
#   - {width: 7}
#   - {precision: '4'}
# - name: GaiaDR2
#   datatype: string
#   description: Display the Gaia DR2 data (Gaia collaboation, 2018, I/345)
#   meta: !!omap
#   - {ucd: DATA_LINK}
#   - {_votable_string_dtype: char}
# - name: RA_ICRS
#   unit: deg
#   datatype: float64
#   format: '{:12.8f}'
#   description: Right ascension from Gaia DR2 (ICRS), epoch 2015.5 (RA)
#   meta: !!omap
#   - {ucd: POS_EQ_RA_MAIN}
#   - {width: 12}
#   - {precision: '8'}
# - name: DE_ICRS
#   unit: deg
#   datatype: float64
#   format: '{:12.8f}'
#   description: Declination from Gaia DR2 (ICRS), epoch 2015.5 (Dec)
#   meta: !!omap
#   - {ucd: POS_EQ_DEC_MAIN}
#   - {width: 12}
#   - {precision: '8'}
# - name: Plx
#   unit: mas
#   datatype: float64
#   format: '{:8.2f}'
#   description: '? Parallax from Gaia DR2 (plx)'
#   meta: !!omap
#   - {ucd: POS_PARLX_TRIG}
#   - {width: 8}
#   - {precision: '2'}
#   - values: {'null': .nan}
# - name: e_Plx
#   unit: mas
#   datatype: float32
#   format: '{:5.2f}'
#   description: '? Parallax uncertainty (dplx)'
#   meta: !!omap
#   - {ucd: ERROR}
#   - {width: 5}
#   - {precision: '2'}
#   - values: {'null': .nan}
# - name: pmRA
#   unit: mas / yr
#   datatype: float64
#   format: '{:8.2f}'
#   description: '? Proper motion in right ascension from Gaia DR2 (pmra)'
#   meta: !!omap
#   - {ucd: POS_EQ_PMRA}
#   - {width: 8}
#   - {precision: '2'}
#   - values: {'null': .nan}
# - name: e_pmRA
#   unit: mas / yr
#   datatype: float32
#   format: '{:5.2f}'
#   description: '? Proper-motion uncertainty in right ascension (dpmra)'
#   meta: !!omap
#   - {ucd: ERROR}
#   - {width: 5}
#   - {precision: '2'}
#   - values: {'null': .nan}
# - name: pmDE
#   unit: mas / yr
#   datatype: float64
#   format: '{:8.2f}'
#   description: '? Proper motion in declination from Gaia DR2 (pmdec)'
#   meta: !!omap
#   - {ucd: POS_EQ_PMDEC}
#   - {width: 8}
#   - {precision: '2'}
#   - values: {'null': .nan}
# - name: e_pmDE
#   unit: mas / yr
#   datatype: float32
#   format: '{:5.2f}'
#   description: '? Proper-motion uncertainty in declination (dpmdec)'
#   meta: !!omap
#   - {ucd: ERROR}
#   - {width: 5}
#   - {precision: '2'}
#   - values: {'null': .nan}
# - name: Gmag
#   unit: mag
#   datatype: float32
#   format: '{:6.3f}'
#   description: '? Gaia DR2 G magnitude (Gaia)'
#   meta: !!omap
#   - {ucd: PHOT_MAG_OPTICAL}
#   - {width: 6}
#   - {precision: '3'}
#   - values: {'null': .nan}
# - name: e_Gmag
#   unit: mag
#   datatype: float32
#   format: '{:6.3f}'
#   description: '? Gaia DR2 G-magnitude uncertainty (dGaia)'
#   meta: !!omap
#   - {ucd: ERROR}
#   - {width: 6}
#   - {precision: '3'}
#   - values: {'null': .nan}
# - name: BPmag
#   unit: mag
#   datatype: float32
#   format: '{:6.3f}'
#   description: '? Gaia GBP magnitude (BP)'
#   meta: !!omap
#   - {ucd: PHOT_MAG_B}
#   - {width: 6}
#   - {precision: '3'}
#   - values: {'null': .nan}
# - name: e_BPmag
#   unit: mag
#   datatype: float64
#   format: '{:7.3f}'
#   description: '? Gaia GBP-magnitude uncertainty (dBP)'
#   meta: !!omap
#   - {ucd: ERROR}
#   - {width: 7}
[...]
#   datatype: float32
#   format: '{:6.3f}'
#   description: '? J-magnitude uncertainty (dJ)'
#   meta: !!omap
#   - {ucd: ERROR}
#   - {width: 6}
#   - {precision: '3'}
#   - values: {'null': .nan}
# - name: Hmag
#   unit: mag
#   datatype: float32
#   format: '{:6.3f}'
#   description: '? 2MASS H magnitude (H)'
#   meta: !!omap
#   - {ucd: PHOT_JHN_H}
#   - {width: 6}
#   - {precision: '3'}
#   - values: {'null': .nan}
# - name: e_Hmag
#   unit: mag
#   datatype: float32
#   format: '{:6.3f}'
#   description: '? 2MASS H-magnitude uncertainty (dH)'
#   meta: !!omap
#   - {ucd: ERROR}
#   - {width: 6}
#   - {precision: '3'}
#   - values: {'null': .nan}
# - name: Kmag
#   unit: mag
#   datatype: float32
#   format: '{:6.3f}'
#   description: '? 2MASS K magnitude (K)'
#   meta: !!omap
#   - {ucd: PHOT_JHN_K}
#   - {width: 6}
#   - {precision: '3'}
#   - values: {'null': .nan}
# - name: e_Kmag
#   unit: mag
#   datatype: float32
#   format: '{:6.3f}'
#   description: '? 2MASS K-magnitude uncertainty (dK)'
#   meta: !!omap
#   - {ucd: ERROR}
#   - {width: 6}
#   - {precision: '3'}
#   - values: {'null': .nan}
# - name: id
#   datatype: int64
#   meta: !!omap
#   - {ucd: meta.id}
# meta: !!omap
# - {ID: J_ApJ_867_105_refcat2}
# - {name: J/ApJ/867/105/refcat2}
# - {description: 'ATLAS all-sky stellar reference catalog, ATLAS-REFCAT2'}
# schema: astropy-2.0
_r GaiaDR2 RA_ICRS DE_ICRS Plx e_Plx pmRA e_pmRA pmDE e_pmDE Gmag e_Gmag BPmag e_BPmag RPmag e_RPmag Teff AG dupvar Ag rp1 r1 r10 gmag e_gmag gchi gcontrib rmag e_rmag rchi rcontrib imag e_imag ichi icontrib zmag e_zmag zchi zcontrib nstat Jmag e_Jmag Hmag e_Hmag Kmag e_Kmag id
[from data line 59]
5.171 GaiaDR2 135.43386154 49.80134778 1.59 0.34 -8.47 0.48 -11.48 0.4 19.26 0.004 18.914 0.162 17.822 0.021 "" "" 2 0.066 2.8 2.8 2.8 18.997 0.228 0.26 00 18.426 0.129 0.26 01 18.528 0.016 0.28 04 17.956 0.013 1.41 05 3 "" "" "" "" "" "" 1015800103838001536
5.19 GaiaDR2 135.4329035 49.80181833 1.37 0.04 -7.96 0.06 -12.08 0.05 15.297 0.001 15.797 0.002 14.637 0.001 4926 0.11 2 0.065 22.3 22.3 99.9 15.896 0.008 1.75 17 15.263 0.009 0.74 17 14.988 0.008 0.65 07 14.89 0.009 0.28 07 1 13.769 0.026 13.335 0.037 13.21 0.032 1015800108133203456
5.2814 GaiaDR2 135.43556314 49.79587409 1.38 0.02 -0.28 0.04 4.26 0.03 14.227 0.001 14.552 0.002 13.74 0.001 5870 0.021 2 0.067 22.3 99.9 99.9 14.582 0.008 1.29 17 14.212 0.008 0.66 17 14.095 0.008 2.56 17 14.067 0.009 0.25 07 0 13.159 0.021 12.87 0.03 12.803 0.026 1015800108133203328
4.0281 GaiaDR2 135.45094291 49.82417569 1.13 0.28 -13.52 0.41 -9.83 0.41 18.94 0.003 20.027 0.043 17.834 0.019 "" "" 2 0.063 99.9 99.9 99.9 20.376 0.031 1.38 05 19.198 0.019 0.61 05 18.234 0.011 0.59 05 17.811 0.012 0.6 05 0 16.302 0.096 15.786 0.157 15.289 0.152 1015800241276383616
7.0794 GaiaDR2 135.38533967 49.79278384 2.88 0.25 -4.49 0.33 -18.24 0.26 18.467 0.002 19.785 0.064 17.227 0.01 "" "" 2 0.062 29.1 99.9 99.9 20.293 0.045 1.24 05 19.039 0.02 6.59 05 17.681 0.01 0.55 05 17.108 0.011 1.15 05 0 15.598 0.057 15.082 0.083 14.817 0.104 1015800447434791040
6.7396 GaiaDR2 135.38812797 49.80302306 3.22 0.14 -24.83 0.2 -8.47 0.18 17.807 0.001 18.965 0.018 16.7 0.006 "" "" 2 0.062 99.9 99.9 99.9 19.375 0.011 1.12 05 18.113 0.012 0.64 05 17.108 0.01 0.63 05 16.657 0.011 0.73 05 0 15.216 0.047 14.719 0.071 14.429 0.072 1015800550514014464
8.2509 GaiaDR2 135.34203531 49.81536352 0.61 0.15 9.49 0.23 -9.41 0.22 18.147 0.001 18.551 0.015 17.564 0.01 "" "" 2 0.064 34.7 99.9 99.9 18.584 0.015 0.06 05 18.085 0.013 0.12 05 17.896 0.01 0.14 05 17.827 0.012 0.04 05 0 "" "" "" "" "" "" 1015800692248759296
7.8798 GaiaDR2 135.35397929 49.80958238 2.11 0.32 -9.6 0.46 -38.63 0.46 18.304 0.003 19.147 0.023 17.268 0.007 "" "" 2 0.062 31.8 31.8 99.9 19.471 0.018 0.06 05 18.342 0.012 0.01 05 17.657 0.012 0.2 05 17.347 0.011 0.11 05 0 15.991 0.086 15.465 0.136 15.534 0.2 1015800619233498880
9.0301 GaiaDR2 135.32390675 49.80815373 -0.24 0.33 2.86 0.52 -9.08 0.46 19.298 0.003 20.024 0.054 18.387 0.022 "" "" 2 0.063 99.9 99.9 99.9 20.353 0.023 0.52 05 19.344 0.015 0.28 05 18.757 0.012 0.09 05 18.514 0.014 0.09 05 0 "" "" "" "" "" "" 1015800653593235968
9.096 GaiaDR2 135.32866732 49.79366933 0.69 0.25 -3.12 0.39 -10.22 0.33 19.043 0.002 19.485 0.026 18.381 0.018 "" "" 2 0.064 99.9 99.9 99.9 19.602 0.017 0.1 05 18.981 0.011 0.02 05 18.72 0.011 0.12 05 18.624 0.013 0.03 05 0 "" "" "" "" "" "" 1015800653593221888
7.4038 GaiaDR2 135.36446562 49.81525742 0.79 0.09 -2.81 0.13 -11.02 0.11 17.055 0.001 17.759 0.007 16.247 0.004 4460 "" 2 0.063 18.9 99.9 99.9 18.0 0.013 0.37 05 17.014 0.011 0.22 05 16.6 0.01 0.08 05 16.436 0.011 0.01 05 0 15.192 0.049 14.659 0.078 14.506 0.086 1015800726608497024
7.5245 GaiaDR2 135.35986301 49.81959653 1.0 0.19 -0.88 0.26 -12.51 0.24 18.368 0.002 19.388 0.029 17.3 0.009 "" "" 2 0.062 18.9 18.9 99.9 19.74 0.017 0.67 05 18.544 0.01 0.11 05 17.711 0.011 0.27 05 17.333 0.012 0.18 05 0 15.826 0.074 15.355 0.121 15.245 0.146 1015800791032195712
5.6935 GaiaDR2 135.41619906 49.80477579 0.53 0.07 -9.49 0.11 -14.0 0.1 16.842 0.001 17.271 0.005 16.231 0.003 5104 0.186 2 0.065 99.9 99.9 99.9 17.33 0.011 0.02 05 16.813 0.012 0.0 05 16.569 0.01 0.11 05 16.494 0.01 0.01 05 0 15.487 0.055 15.023 0.091 14.904 0.101 1015800864047448064
6.1394 GaiaDR2 135.39340433 49.8554174 0.07 0.52 -1.6 0.82 -5.51 0.65 19.907 0.005 20.417 0.098 18.926 0.025 "" "" 2 0.064 99.9 99.9 99.9 20.6 0.163 0.02 01 19.722 0.114 0.02 01 19.311 0.103 0.01 01 19.103 0.105 0.01 01 0 "" "" "" "" "" "" 1015801237708810496
4.773 GaiaDR2 135.43131604 49.86247482 1.16 0.36 -7.92 0.5 -6.13 0.43 19.276 0.003 20.108 0.047 18.216 0.02 "" "" 2 0.063 99.9 99.9 99.9 20.663 0.016 2.66 05 19.413 0.023 1.35 05 18.583 0.012 0.46 05 18.221 0.015 1.06 05 0 16.557 0.148 16.164 0.199 15.574 "" 1015801306428290304
1.2543 GaiaDR2 135.52296426 49.83229004 0.62 0.27 -1.78 0.4 -10.98 0.36 19.055 0.002 20.161 0.048 17.973 0.011 "" "" 2 0.064 32.9 99.9 99.9 20.542 0.025 0.75 05 19.325 0.014 0.48 05 18.35 0.012 0.98 05 17.915 0.012 1.31 05 0 16.477 0.138 15.762 0.157 15.454 0.175 1015801512586707840
1.6207 GaiaDR2 135.52230387 49.82315846 0.37 0.52 -2.43 0.77 -10.79 0.68 19.971 0.004 20.757 0.084 18.898 0.027 "" "" 2 0.065 32.9 32.9 99.9 21.304 0.058 1.89 05 20.23 0.019 5.58 05 19.24 0.012 0.73 05 18.838 0.019 2.91 05 0 "" "" "" "" "" "" 1015801409507766912
2.4017 GaiaDR2 135.50418744 49.81654062 -3.68 0.68 -9.59 0.95 9.38 0.99 16.254 0.003 16.565 0.003 15.643 0.003 5401 "" 2 0.067 99.9 99.9 99.9 16.603 0.01 0.03 15 16.164 0.011 0.66 15 15.995 0.01 3.25 15 15.961 0.011 0.05 05 0 14.985 0.045 14.686 0.067 14.51 0.073 1015801482522736000
1.0431 GaiaDR2 135.52554425 49.84879891 1.61 0.22 1.16 0.34 1.23 0.31 18.738 0.002 19.889 0.054 17.651 0.009 "" "" 2 0.064 27.6 27.6 27.6 20.251 0.02 1.34 05 18.99 0.013 0.06 05 18.036 0.01 0.97 05 17.603 0.011 0.9 05 0 16.149 0.095 15.773 0.169 15.307 0.147 1015801619961689216
0.6409 GaiaDR2 135.53437867 49.8436483 1.85 0.02 -1.04 0.04 -4.17 0.03 12.956 0.001 13.248 0.001 12.508 0.001 6260 0.08 2 0.068 99.9 99.9 99.9 13.248 0.012 0.38 13 12.918 0.013 3.75 13 12.824 0.012 7.78 13 12.849 0.015 0.01 03 0 12.063 0.037 11.725 0.044 11.695 0.032 1015801619961689088
0.5855 GaiaDR2 135.53589238 49.84414294 1.96 0.05 -0.85 0.08 -4.53 0.08 15.911 0.001 16.534 0.01 15.055 0.004 4451 0.29 2 0.066 3.9 3.9 3.9 16.882 0.01 2.82 05 15.913 0.01 0.47 05 15.454 0.011 0.02 05 15.253 0.011 0.03 05 0 13.982 0.044 13.425 0.043 13.254 0.034 1015801619961688832
2.2418 GaiaDR2 135.50231098 49.8632534 1.5 0.12 12.1 0.18 -26.72 0.16 17.832 0.001 18.868 0.021 16.81 0.008 "" "" 2 0.064 99.9 99.9 99.9 19.223 0.012 0.47 05 18.008 0.011 0.01 05 17.184 0.01 0.71 05 16.83 0.011 0.36 05 0 15.416 0.055 14.91 0.066 14.604 0.077 1015801787464627840
1.6464 GaiaDR2 135.51217836 49.85427502 1.19 0.17 -10.59 0.25 -33.49 0.24 18.443 0.001 19.397 0.03 17.459 0.011 "" "" 2 0.064 99.9 99.9 99.9 19.758 0.016 0.02 05 18.54 0.014 0.08 05 17.827 0.01 0.54 05 17.506 0.012 0.3 05 0 "" "" "" "" "" "" 1015801718745147136
1.1999 GaiaDR2 135.57257123 49.85719745 2.05 0.02 7.97 0.03 5.68 0.03 14.411 0.001 14.836 0.001 13.827 0.001 5330 0.099 2 0.069 99.9 99.9 99.9 14.89 0.008 0.1 17 14.37 0.008 0.19 17 14.177 0.008 0.23 17 14.106 0.008 0.05 07 0 13.09 0.017 12.683 0.03 12.609 0.023 1015801963559070592
3.3143 GaiaDR2 135.54878998 49.89811239 1.2 0.16 -6.47 0.24 4.9 0.23 18.392 0.002 19.425 0.028 17.324 0.012 "" "" 2 0.065 99.9 99.9 99.9 19.784 0.015 0.65 05 18.602 0.011 0.34 05 17.722 0.01 0.44 05 17.328 0.012 0.46 05 0 16.149 0.093 15.358 0.107 15.086 0.133 1015802337220456448
5.2133 GaiaDR2 135.58243465 49.92737009 1.14 0.19 -3.91 0.26 -4.12 0.29 18.271 0.002 19.359 0.03 17.203 0.007 "" "" 2 0.068 32.0 99.9 99.9 19.715 0.018 1.12 05 18.487 0.013 0.07 05 17.594 0.01 0.66 05 17.18 0.011 0.73 05 0 15.867 0.072 15.28 0.119 14.937 0.105 1015802474659436160
4.6945 GaiaDR2 135.56270567 49.92076138 0.31 0.05 3.65 0.07 -3.8 0.06 15.959 0.001 16.265 0.004 15.483 0.002 6098 "" 2 0.069 99.9 99.9 99.9 16.276 0.01 0.19 15 15.939 0.01 0.01 15 15.817 0.009 2.12 15 15.807 0.01 0.0 05 0 14.917 0.037 14.749 0.077 14.516 0.067 1015802444595374464
3.2219 GaiaDR2 135.47060292 49.85713219 4.37 0.08 -21.96 0.12 -5.69 0.11 17.013 0.001 18.352 0.011 15.86 0.002 3719 0.126 2 0.062 5.6 99.9 99.9 18.726 0.015 6.08 05 17.477 0.011 1.63 05 16.28 0.01 0.97 05 15.754 0.01 1.15 05 0 14.244 0.057 13.708 0.069 13.44 0.053 1015802513314854528
3.1946 GaiaDR2 135.47071197 49.85559302 6.39 0.15 17.5 0.21 -18.03 0.21 17.78 0.001 19.552 0.034 16.479 0.004 "" "" 2 0.062 5.5 5.5 99.9 19.819 0.022 0.28 04 18.606 0.013 5.39 05 17.005 0.01 0.56 05 16.268 0.013 1.15 05 1 14.531 0.034 14.044 0.044 13.744 0.044 1015802509019131520
3.6349 GaiaDR2 135.47325572 49.87701883 0.63 0.15 1.79 0.22 -1.02 0.22 18.28 0.001 18.905 0.022 17.48 0.009 "" "" 2 0.064 99.9 99.9 99.9 19.121 0.013 0.24 05 18.214 0.011 0.09 05 17.838 0.01 0.07 05 17.674 0.011 0.01 05 0 16.483 0.124 16.183 0.238 15.561 0.188 1015802612098353280
2.8501 GaiaDR2 135.48868017 49.8683337 0.44 0.16 -1.69 0.23 0.23 0.24 18.277 0.002 18.726 0.019 17.643 0.007 "" "" 2 0.065 99.9 99.9 99.9 18.792 0.012 0.03 05 18.188 0.01 0.31 05 17.969 0.01 0.22 05 17.895 0.011 0.02 05 0 "" "" "" "" "" "" 1015802547674592128
4.8123 GaiaDR2 135.49722663 49.91525567 0.62 0.13 -2.33 0.19 -1.8 0.16 17.893 0.001 18.576 0.012 17.065 0.01 "" "" 2 0.065 20.1 99.9 99.9 18.802 0.014 0.21 05 17.822 0.011 0.31 05 17.428 0.011 0.04 05 17.26 0.01 0.03 05 0 "" "" "" "" "" "" 1015802753833021696
4.9656 GaiaDR2 135.44569229 49.89033009 0.12 0.17 3.88 0.25 -13.88 0.26 18.37 0.002 18.599 0.013 17.932 0.015 "" "" 2 0.066 31.3 31.4 31.4 18.586 0.017 0.02 05 18.356 0.013 0.06 05 18.263 0.011 0.09 05 18.276 0.011 0.01 05 0 "" "" "" "" "" "" 1015802783897050496
4.8815 GaiaDR2 135.46293454 49.90124443 -0.52 0.4 1.04 0.56 -3.23 0.51 19.593 0.003 20.169 0.056 18.862 0.033 "" "" 2 0.065 99.9 99.9 99.9 20.306 0.133 0.02 01 19.569 0.11 0.01 01 19.241 0.105 0.01 01 19.077 0.106 0.01 01 0 "" "" "" "" "" "" 1015802818256796672
5.2148 GaiaDR2 135.43389289 49.88608202 0.3 0.04 1.48 0.06 -7.72 0.05 15.687 0.001 16.126 0.002 15.075 0.002 5100 "" 2 0.065 99.9 99.9 99.9 16.187 0.009 0.13 17 15.639 0.008 0.32 17 15.427 0.008 0.06 17 15.351 0.008 0.02 07 0 14.323 0.017 13.875 0.033 13.762 0.038 1015802788192761856
5.146 GaiaDR2 135.49426875 49.92050815 1.57 0.12 -9.32 0.19 -5.39 0.17 17.93 0.001 19.074 0.017 16.852 0.006 "" "" 2 0.064 20.1 20.1 99.9 19.424 0.017 2.16 05 18.206 0.011 0.27 05 17.256 0.01 0.6 05 16.839 0.01 0.41 05 0 15.436 0.051 14.702 0.067 14.595 0.084 1015802959991452032
5.3539 GaiaDR2 135.47454053 49.91733072 0.94 0.23 -3.83 0.33 -11.44 0.31 18.936 0.002 19.975 0.058 17.887 0.016 "" "" 6 0.063 99.9 99.9 99.9 20.391 0.02 0.05 05 19.132 0.015 0.11 05 18.264 0.013 0.72 05 17.869 0.011 0.83 05 0 16.455 0.129 16.052 0.202 15.618 0.19 1015802925630473216
4.6268 GaiaDR2 135.54212784 49.9197969 2.64 0.18 -19.93 0.26 -2.18 0.26 18.547 0.002 20.108 0.056 17.285 0.009 "" "" 2 0.064 26.1 26.5 99.9 20.366 0.023 0.28 04 19.28 0.015 6.74 05 17.774 0.011 0.59 05 17.097 0.011 1.67 05 1 15.544 0.054 15.051 0.1 14.6 0.073 1015803093134721280
5.0545 GaiaDR2 135.54428734 49.92702464 0.43 0.18 -0.84 0.26 -15.27 0.27 18.57 0.002 19.281 0.021 17.516 0.011 "" "" 2 0.066 0.8 26.5 99.9 19.556 0.025 0.05 05 18.503 0.013 0.01 05 17.922 0.012 0.02 05 17.696 0.011 0.24 05 0 16.329 0.121 15.778 0.151 15.402 0.167 1015803196213941760
5.4165 GaiaDR2 135.55343156 49.93315118 0.43 0.18 5.57 0.24 -14.43 0.23 17.679 0.001 18.151 0.008 17.027 0.006 "" "" 2 0.068 30.6 99.9 99.9 18.223 0.014 0.04 05 17.629 0.012 0.03 05 17.364 0.011 0.14 05 17.257 0.011 0.06 05 0 16.149 0.087 16.283 0.244 15.584 0.189 1015803196213946112
5.6836 GaiaDR2 135.48930202 49.92890312 -0.8 0.15 -2.52 0.21 -2.38 0.22 16.05 0.002 16.297 0.003 15.522 0.004 5806 "" 6 0.067 32.3 99.9 99.9 16.308 0.01 0.0 15 15.982 0.01 1.26 15 15.873 0.01 3.95 15 15.884 0.01 0.12 05 0 14.926 0.026 14.642 0.054 14.608 0.076 1015803333652897408
8.4036 GaiaDR2 135.52338569 49.98182672 3.02 0.51 -17.68 0.77 -16.28 0.77 20.032 0.005 21.423 0.131 18.639 0.026 "" "" 2 0.065 30.4 99.9 99.9 21.897 0.143 2.84 04 21.079 0.055 0.4 04 19.231 0.012 0.1 05 18.401 0.011 3.14 05 1 16.863 0.179 16.3 0.259 15.804 0.213 1015803578466740992
9.4841 GaiaDR2 135.30692504 49.82795246 0.47 0.03 -5.01 0.05 -7.39 0.05 15.271 0.001 15.608 0.002 14.767 0.001 5770 0.883 6 0.065 99.9 99.9 99.9 15.625 0.009 1.95 15 15.24 0.01 0.91 15 15.115 0.009 0.3 15 15.097 0.01 0.03 05 0 14.184 0.026 13.944 0.043 13.796 0.046 1015803681545961472
8.2857 GaiaDR2 135.33844528 49.86037566 0.48 0.12 -6.58 0.18 -0.12 0.16 17.761 0.001 18.187 0.01 17.141 0.006 "" "" 2 0.065 14.9 17.2 17.2 18.234 0.012 0.06 05 17.691 0.011 0.11 05 17.487 0.01 0.07 05 17.431 0.011 0.04 05 0 16.58 0.146 16.108 0.253 15.812 0.244 1015803849048929152
8.2515 GaiaDR2 135.33862475 49.85625364 4.16 0.4 5.53 0.6 -5.35 0.75 18.587 0.007 "" "" "" "" "" "" 2 0.065 3.1 3.1 3.1 19.646 0.664 0.02 00 19.147 0.328 0.01 00 18.957 0.224 0.01 00 18.867 0.247 0.01 00 0 "" "" "" "" "" "" 1015803853344652544
8.2814 GaiaDR2 135.33775498 49.85560824 3.0 0.03 5.79 0.05 -5.79 0.04 11.514 0.001 11.861 0.001 11.023 0.001 5788 0.56 2 0.066 99.9 99.9 99.9 11.887 0.012 0.53 13 11.496 0.012 0.01 13 11.378 0.012 0.35 13 11.334 0.015 0.01 03 0 10.486 0.021 10.244 0.03 10.107 0.018 1015803853344652672
8.6401 GaiaDR2 135.33080998 49.86742469 0.45 0.13 1.8 0.19 -3.16 0.17 17.948 0.001 18.601 0.01 17.182 0.007 "" "" 2 0.065 30.9 30.9 99.9 18.75 0.012 0.03 05 17.867 0.01 0.59 05 17.527 0.01 0.14 05 17.397 0.011 0.06 05 0 16.239 0.11 15.461 0.137 15.147 0.137 1015804059503083008
9.46 GaiaDR2 135.30758295 49.85856658 0.43 0.4 4.0 0.6 -4.3 0.55 19.767 0.004 20.501 0.075 18.755 0.018 "" "" 2 0.064 99.9 99.9 99.9 20.787 0.151 0.02 01 19.73 0.115 0.02 01 19.169 0.102 0.01 01 18.891 0.103 0.01 01 0 "" "" "" "" "" "" 1015804020847620352
9.9912 GaiaDR2 135.29571338 49.8686091 1.07 0.03 2.16 0.05 -2.13 0.04 15.049 0.001 15.421 0.002 14.512 0.001 5403 0.019 2 0.067 99.9 99.9 99.9 15.446 0.008 0.83 17 15.017 0.008 0.22 17 14.858 0.008 0.13 17 14.83 0.009 2.5 07 0 13.919 0.027 13.623 0.037 13.48 0.037 1015804093862821632
7.46 GaiaDR2 135.36899339 49.88423204 3.08 0.11 19.65 0.16 -16.15 0.15 17.518 0.001 18.766 0.018 16.394 0.003 "" "" 2 0.063 99.9 99.9 99.9 19.134 0.011 3.75 05 17.9 0.011 0.98 05 16.811 0.01 0.73 05 16.327 0.01 0.82 05 0 14.908 0.04 14.356 0.058 14.071 0.059 1015804265661512576
7.8429 GaiaDR2 135.3512696 49.86570875 1.69 0.4 -1.78 0.58 -22.15 0.53 19.665 0.003 20.914 0.079 18.489 0.017 "" "" 2 0.062 33.2 35.4 99.9 21.403 0.061 0.54 05 20.156 0.026 3.95 05 18.87 0.011 1.6 05 18.327 0.012 2.97 05 0 16.71 0.153 15.732 0.162 15.754 0.236 1015804227006317824
8.1974 GaiaDR2 135.34447621 49.87381717 0.64 0.47 1.02 0.67 -3.55 0.59 19.749 0.004 20.546 0.067 18.79 0.019 "" "" 2 0.064 33.2 33.2 99.9 20.851 0.022 0.03 05 19.811 0.015 0.14 05 19.15 0.012 0.32 05 18.862 0.013 0.38 05 0 "" "" "" "" "" "" 1015804227006055168
7.1403 GaiaDR2 135.39129312 49.90273426 0.83 0.05 4.01 0.08 -4.25 0.07 16.129 0.001 16.529 0.004 15.563 0.002 5372 "" 2 0.066 99.9 99.9 99.9 16.566 0.01 4.79 15 16.078 0.01 0.19 15 15.912 0.01 1.69 15 15.861 0.01 0.01 05 0 15.006 0.044 14.593 0.068 14.419 0.078 1015804403100465664
9.3668 GaiaDR2 135.33221758 49.91005585 2.09 0.15 -16.62 0.22 -4.57 0.22 18.23 0.001 19.456 0.02 17.075 0.006 "" "" 2 0.063 23.1 99.9 99.9 19.823 0.019 3.97 05 18.643 0.012 2.39 05 17.505 0.011 0.55 05 17.004 0.011 0.86 05 0 15.65 0.058 14.984 0.092 14.914 0.121 1015804536243725312
8.5943 GaiaDR2 135.34734871 49.90039259 0.85 0.07 -4.67 0.09 -4.58 0.1 14.508 0.001 14.94 0.001 13.919 0.001 5213 0.972 2 0.066 99.9 99.9 99.9 14.997 0.008 0.05 17 14.457 0.008 1.71 17 14.275 0.008 0.18 17 14.212 0.008 1.71 07 0 13.249 0.022 12.885 0.035 12.782 0.028 1015804467523937024
8.5884 GaiaDR2 135.37053373 49.92645563 0.39 0.33 -2.49 0.5 -7.21 0.44 19.468 0.003 19.843 0.049 18.863 0.032 "" "" 2 0.066 22.1 26.0 26.0 19.898 0.128 0.02 01 19.413 0.109 0.01 01 19.232 0.105 0.01 01 19.147 0.106 0.01 01 0 "" "" "" "" "" "" 1015804673682691840
8.4728 GaiaDR2 135.36691737 49.91961415 1.37 0.06 -26.64 0.08 -3.09 0.08 16.411 0.001 17.189 0.005 15.537 0.003 4167 0.947 2 0.065 99.9 99.9 99.9 17.494 0.011 0.39 05 16.411 0.01 0.13 05 15.908 0.01 0.09 05 15.679 0.01 0.01 05 0 14.488 0.029 13.825 0.033 13.595 0.038 1015804574899157632
