stellarphot/tests/data/all_apass_ey_uma.ecsv
# %ECSV 1.0
# ---
# datatype:
# - name: _r
#   datatype: float64
#   format: '{:8.6f}'
#   description: Distance from center (135.550900+49.842891)[FK5/J2000]
#   meta: !!omap
#   - {ucd: POS_ANG_DIST_GENERAL}
#   - {width: 8}
#   - {precision: '6'}
# - name: RAJ2000
#   unit: deg
#   datatype: float64
#   format: '{:10.6f}'
#   description: Right ascension in decimal degrees (J2000)
#   meta: !!omap
#   - {ucd: POS_EQ_RA_MAIN}
#   - {width: 10}
#   - {precision: '6'}
# - name: DEJ2000
#   unit: deg
#   datatype: float64
#   format: '{:10.6f}'
#   description: Declination in decimal degrees (J2000)
#   meta: !!omap
#   - {ucd: POS_EQ_DEC_MAIN}
#   - {width: 10}
#   - {precision: '6'}
# - name: e_RAJ2000
#   unit: arcsec
#   datatype: float32
#   format: '{:6.3f}'
#   description: '[0/2.4] RA uncertainty'
#   meta: !!omap
#   - {ucd: ERROR}
#   - {width: 6}
#   - {precision: '3'}
# - name: e_DEJ2000
#   unit: arcsec
#   datatype: float32
#   format: '{:6.3f}'
#   description: '[0/2.4] DEC uncertainty'
#   meta: !!omap
#   - {ucd: ERROR}
#   - {width: 6}
#   - {precision: '3'}
# - name: Field
#   datatype: int64
#   description: '[20110001/9999988888] Field name'
#   meta: !!omap
#   - {ucd: ID_FIELD}
#   - {width: 10}
# - name: nobs
#   datatype: int16
#   description: '[2/387] Number of observed nights'
#   meta: !!omap
#   - {ucd: NUMBER}
#   - {width: 3}
# - name: mobs
#   datatype: int16
#   description: '[2/3476] Number of images for this field, usually nobs*5'
#   meta: !!omap
#   - {ucd: NUMBER}
#   - {width: 4}
# - name: B-V
#   unit: mag
#   datatype: float32
#   format: '{:6.3f}'
#   description: '[-7.5/13]? B-V color index'
#   meta: !!omap
#   - {ucd: PHOT_JHN_B-V}
#   - {width: 6}
#   - {precision: '3'}
#   - values: {'null': .nan}
# - name: e_B-V
#   unit: mag
#   datatype: float32
#   format: '{:6.3f}'
#   description: '[0/10.1]? B-V uncertainty'
#   meta: !!omap
#   - {ucd: ERROR}
#   - {width: 6}
#   - {precision: '3'}
#   - values: {'null': .nan}
# - name: Vmag
#   unit: mag
#   datatype: float32
#   format: '{:6.3f}'
#   description: '[5.5/27.4]? Johnson V-band magnitude'
#   meta: !!omap
#   - {ucd: PHOT_JHN_V}
#   - {width: 6}
#   - {precision: '3'}
#   - values: {'null': .nan}
# - name: e_Vmag
#   unit: mag
#   datatype: float32
#   format: '{:6.3f}'
#   description: '[0/7]? Vmag uncertainty'
#   meta: !!omap
#   - {ucd: ERROR}
#   - {width: 6}
#   - {precision: '3'}
#   - values: {'null': .nan}
# - name: u_e_Vmag
#   datatype: uint8
#   description: '[0/1]? Uncertainty flag on e_Vmag (1)'
#   meta: !!omap
#   - {ucd: CODE_ERROR}
#   - {width: 1}
#   - values: {'null': 255}
# - name: Bmag
#   unit: mag
#   datatype: float32
#   format: '{:6.3f}'
#   description: '[5.4/27.3]? Johnson B-band magnitude'
#   meta: !!omap
#   - {ucd: PHOT_JHN_B}
#   - {width: 6}
#   - {precision: '3'}
#   - values: {'null': .nan}
# - name: e_Bmag
#   unit: mag
#   datatype: float32
#   format: '{:6.3f}'
#   description: '[0/10]? Bmag uncertainty'
#   meta: !!omap
#   - {ucd: ERROR}
#   - {width: 6}
#   - {precision: '3'}
#   - values: {'null': .nan}
# - name: u_e_Bmag
#   datatype: uint8
#   description: '[0/1]? Uncertainty flag on e_Bmag (1)'
#   meta: !!omap
#   - {ucd: CODE_ERROR}
#   - {width: 1}
#   - values: {'null': 255}
# - name: g'mag
#   unit: mag
#   datatype: float32
#   format: '{:6.3f}'
#   description: '[5.9/24.2]? g''-band AB magnitude, Sloan filter'
#   meta: !!omap
#   - {ucd: PHOT_SDSS_G}
#   - {width: 6}
#   - {precision: '3'}
#   - values: {'null': .nan}
# - name: e_g'mag
#   unit: mag
#   datatype: float32
#   format: '{:6.3f}'
#   description: '[0/9.7]? g''mag uncertainty'
#   meta: !!omap
#   - {ucd: ERROR}
#   - {width: 6}
#   - {precision: '3'}
#   - values: {'null': .nan}
# - name: u_e_g'mag
#   datatype: uint8
#   description: '[0/1]? Uncertainty flag on e_g''mag (1)'
#   meta: !!omap
#   - {ucd: CODE_ERROR}
#   - {width: 1}
#   - values: {'null': 255}
# - name: r'mag
#   unit: mag
#   datatype: float32
#   format: '{:6.3f}'
#   description: '[5.1/23.9]? r''-band AB magnitude, Sloan filter'
#   meta: !!omap
#   - {ucd: PHOT_SDSS_R}
#   - {width: 6}
#   - {precision: '3'}
#   - values: {'null': .nan}
# - name: e_r'mag
#   unit: mag
#   datatype: float32
#   format: '{:6.3f}'
#   description: '[0/6.5]? r''mag uncertainty'
#   meta: !!omap
#   - {ucd: ERROR}
#   - {width: 6}
#   - {precision: '3'}
#   - values: {'null': .nan}
# - name: u_e_r'mag
#   datatype: uint8
#   description: '[0/1]? Uncertainty flag on e_r''mag (1)'
#   meta: !!omap
#   - {ucd: CODE_ERROR}
#   - {width: 1}
#   - values: {'null': 255}
# - name: i'mag
#   unit: mag
#   datatype: float32
#   format: '{:6.3f}'
#   description: '[4.2/29.1]? i''-band AB magnitude, Sloan filter'
#   meta: !!omap
#   - {ucd: PHOT_SDSS_I}
#   - {width: 6}
#   - {precision: '3'}
#   - values: {'null': .nan}
# - name: e_i'mag
#   unit: mag
#   datatype: float32
#   format: '{:6.3f}'
#   description: '[0/9.6]? i''mag uncertainty'
#   meta: !!omap
#   - {ucd: ERROR}
#   - {width: 6}
#   - {precision: '3'}
#   - values: {'null': .nan}
# - name: u_e_i'mag
#   datatype: uint8
#   description: '[0/1]? Uncertainty flag on e_i''mag (1)'
#   meta: !!omap
#   - {ucd: CODE_ERROR}
#   - {width: 1}
#   - values: {'null': 255}
# meta: !!omap
# - {ID: II_336_apass9}
# - {name: II/336/apass9}
# - {description: 'The APASS catalog, output (on a total of 62 million sources)'}
# schema: astropy-2.0
_r RAJ2000 DEJ2000 e_RAJ2000 e_DEJ2000 Field nobs mobs B-V e_B-V Vmag e_Vmag u_e_Vmag Bmag e_Bmag u_e_Bmag g'mag e_g'mag u_e_g'mag r'mag e_r'mag u_e_r'mag i'mag e_i'mag u_e_i'mag
0.128987 135.68157 49.745309 0.953 0.661 20152196 5 18 0.959 0.316 15.837 0.069 0 16.796 0.309 0 16.302 0.222 0 15.557 0.024 0 15.437 0.163 0
0.161817 135.744601 49.740189 0.051 0.507 20152196 6 30 0.72 0.082 11.404 0.022 0 12.125 0.079 0 11.783 0.113 0 11.255 0.027 0 11.107 0.023 0
0.128366 135.701342 49.758933 0.631 0.629 20152196 5 18 0.898 0.14 15.954 0.105 0 16.852 0.092 0 16.498 0.184 0 15.583 0.073 0 15.429 0.124 0
0.109485 135.493541 49.739858 0.663 0.841 20152196 6 23 0.953 0.119 15.316 0.016 0 16.269 0.118 0 15.738 0.023 0 15.057 0.034 0 14.949 0.073 0
0.118074 135.674773 49.756008 0.356 0.629 20152196 5 19 0.99 0.06 15.01 0.028 0 16.0 0.053 0 15.604 0.24 0 14.656 0.076 0 14.327 0.052 0
0.032974 135.586539 49.819252 0.615 0.956 20152196 6 30 0.496 0.441 15.012 0.28 0 15.508 0.34 0 15.228 0.345 0 14.994 0.266 0 14.906 0.183 0
0.054848 135.632954 49.857351 1.151 1.128 20122364 2 4 0.432 0.172 17.024 0.151 0 17.456 0.082 0 "" "" "" "" "" "" "" "" ""
0.142508 135.403965 49.736542 0.647 0.509 20122364 3 13 "" "" "" "" "" "" "" "" "" "" "" "" "" "" "" "" ""
0.14039 135.431253 49.725667 0.189 0.314 20152196 6 30 1.012 0.065 12.772 0.029 0 13.785 0.059 0 13.295 0.079 0 12.486 0.028 0 12.281 0.03 0
0.115779 135.4316 49.756432 0.227 0.57 20152196 6 26 1.012 0.043 12.765 0.027 0 13.777 0.034 0 13.332 0.165 0 12.455 0.036 0 12.236 0.037 0
0.123739 135.401746 49.765145 0.338 0.304 20152196 6 26 0.62 0.04 14.738 0.014 0 15.358 0.037 0 15.015 0.021 0 14.592 0.016 0 14.462 0.033 0
0.10495 135.411773 49.788525 0.295 0.248 20152196 5 20 "" "" "" "" "" 10.103 0.064 0 10.139 0.098 0 "" "" "" "" "" ""
0.083604 135.488875 49.769493 0.206 0.273 20152196 6 26 0.656 0.072 13.968 0.019 0 14.624 0.069 0 14.308 0.134 0 13.83 0.021 0 13.674 0.039 0
0.062283 135.492062 49.793515 1.334 0.9 20152196 2 6 0.899 0.09 16.025 0.0 1 16.924 0.09 1 16.57 0.274 0 15.954 0.0 1 15.669 0.0 1
0.062208 135.492811 49.793242 0.865 0.351 20152196 4 12 0.602 0.075 16.071 0.03 0 16.673 0.068 0 16.366 0.0 0 15.819 0.038 0 15.612 0.044 0
0.040061 135.504182 49.816496 0.804 0.931 20152196 4 17 0.727 0.126 16.405 0.072 0 17.132 0.103 0 16.71 0.073 0 16.1 0.083 0 15.901 0.139 0
0.087001 135.432472 49.801281 1.058 0.813 20152196 3 11 1.036 0.152 15.441 0.15 0 16.477 0.026 0 15.911 0.017 0 14.935 0.071 0 14.606 0.016 0
0.088091 135.435402 49.795914 0.387 0.365 20152196 6 23 0.699 0.087 14.344 0.03 0 15.043 0.082 0 14.637 0.017 0 14.186 0.04 0 14.021 0.035 0
0.010638 135.534455 49.843734 0.149 0.669 20152196 6 28 0.684 0.087 12.998 0.016 0 13.682 0.085 0 13.421 0.215 0 12.831 0.031 0 12.699 0.02 0
0.019946 135.572503 49.857167 0.351 0.441 20152196 6 28 0.868 0.065 14.571 0.046 0 15.439 0.045 0 15.005 0.054 0 14.345 0.026 0 14.135 0.05 0
0.078103 135.562739 49.920621 0.477 0.708 20152196 4 14 0.613 0.031 16.065 0.016 0 16.678 0.027 0 16.351 0.04 0 15.957 0.037 0 15.734 0.229 0
0.086926 135.433931 49.886149 0.702 0.601 20152196 5 19 0.872 0.08 15.875 0.063 0 16.747 0.049 0 16.334 0.049 0 15.601 0.062 0 15.328 0.112 0
0.094791 135.489213 49.928947 0.445 0.767 20152196 5 14 0.585 0.061 16.08 0.052 0 16.665 0.031 0 16.407 0.055 0 15.943 0.101 0 "" "" ""
0.158001 135.307034 49.82792 0.704 0.665 20152196 6 30 0.662 0.088 15.377 0.048 0 16.039 0.074 0 15.708 0.056 0 15.208 0.035 0 15.036 0.066 0
0.138012 135.337772 49.85561 0.095 0.224 20152196 8 40 0.751 0.036 11.608 0.024 0 12.359 0.026 0 11.958 0.02 0 11.435 0.035 0 11.287 0.024 0
0.166486 135.295782 49.868668 0.681 0.523 20152196 7 28 0.724 0.056 15.195 0.037 0 15.919 0.042 0 15.531 0.039 0 14.969 0.043 0 14.786 0.096 0
0.118967 135.39145 49.902832 0.556 0.692 20152196 4 11 0.83 0.122 16.253 0.0 0 17.084 0.122 0 16.722 0.032 0 16.064 0.011 0 15.893 0.208 0
0.143207 135.347404 49.900398 0.352 0.44 20152196 8 40 0.897 0.092 14.67 0.04 0 15.567 0.083 0 15.1 0.013 0 14.416 0.046 0 14.195 0.042 0
0.140914 135.367461 49.919604 1.011 0.774 20152196 2 2 "" "" "" "" "" "" "" "" "" "" "" 16.31 0.0 1 15.956 0.149 1
0.163833 135.308777 49.892753 0.792 0.823 20152195 3 7 0.805 0.291 16.563 0.035 0 17.368 0.289 0 17.087 0.0 1 16.313 0.0 1 15.921 0.0 1
0.108764 135.413975 49.906475 0.598 1.191 20152196 2 6 1.089 0.146 16.698 0.0 1 17.786 0.146 1 17.264 0.0 1 16.269 0.0 1 15.686 0.299 0
0.122922 135.46238 49.951787 0.176 0.317 20152196 6 30 0.561 0.044 13.577 0.032 0 14.138 0.03 0 13.824 0.029 0 13.464 0.024 0 13.341 0.019 0
0.132364 135.407997 49.937992 0.687 0.87 20152196 5 25 1.2 0.125 15.779 0.068 0 16.979 0.104 0 16.386 0.044 0 15.404 0.023 0 15.016 0.105 0
0.128399 135.736823 49.797098 0.725 0.842 20152196 4 18 0.704 0.046 15.89 0.037 0 16.594 0.028 0 16.345 0.229 0 15.734 0.036 0 15.557 0.131 0
0.148318 135.76384 49.787042 0.711 0.896 20152196 5 19 0.799 0.143 15.575 0.058 0 16.374 0.13 0 15.955 0.061 0 15.357 0.072 0 15.173 0.062 0
0.156899 135.793301 49.829689 0.821 0.744 20152196 4 11 0.774 0.056 16.419 0.056 0 17.193 0.0 0 16.846 0.095 0 16.095 0.054 0 15.629 0.0 1
0.160372 135.794975 49.812417 0.552 0.732 20152196 5 19 0.986 0.064 15.736 0.011 0 16.723 0.063 0 16.325 0.072 0 15.275 0.028 0 14.87 0.104 0
0.165746 135.806993 49.82914 0.31 0.389 20152196 6 26 0.91 0.078 13.77 0.04 0 14.68 0.067 0 14.185 0.027 0 13.485 0.031 0 13.247 0.039 0
0.112022 135.724031 49.833889 0.458 0.666 20152196 6 23 0.827 0.044 14.872 0.025 0 15.698 0.036 0 15.357 0.189 0 14.632 0.035 0 14.479 0.039 0
0.109408 135.720554 49.842803 0.825 1.106 20122364 2 7 0.852 0.114 16.961 0.0 1 17.814 0.114 1 17.315 0.014 0 16.778 0.048 0 16.33 0.0 1
0.098008 135.698607 49.866057 0.363 0.663 20152196 5 19 0.56 0.051 15.066 0.042 0 15.626 0.03 0 15.305 0.006 0 14.961 0.04 0 14.843 0.076 0
0.121001 135.709348 49.907809 0.33 0.279 20152196 6 26 0.673 0.061 14.397 0.024 0 15.07 0.056 0 14.733 0.113 0 14.222 0.018 0 14.083 0.032 0
0.096675 135.659003 49.909919 0.762 0.901 20152196 2 8 1.325 0.103 16.099 0.0 1 17.424 0.103 1 16.828 0.075 0 15.572 0.067 0 15.162 0.082 0
0.090992 135.669729 49.892015 1.131 1.076 20152196 3 11 0.796 0.077 16.487 0.066 0 17.283 0.041 0 16.938 0.026 0 16.384 0.084 0 16.374 0.0 1
0.130005 135.724254 49.90938 0.923 0.678 20152196 5 21 0.486 0.187 16.299 0.112 0 16.785 0.15 0 16.571 0.15 0 16.184 0.103 0 16.304 0.208 0
0.139837 135.7253 49.92612 0.203 0.39 20152196 6 30 1.056 0.061 12.824 0.023 0 13.881 0.057 0 13.352 0.061 0 12.524 0.022 0 12.241 0.039 0
0.130609 135.652664 49.95586 0.746 0.497 20152196 6 28 0.687 0.074 15.007 0.031 0 15.693 0.068 0 15.348 0.079 0 14.887 0.05 0 14.734 0.061 0
0.096499 135.590911 49.935883 0.171 0.587 20152196 6 28 0.48 0.046 11.267 0.024 0 11.748 0.04 0 11.562 0.172 0 11.203 0.023 0 11.157 0.026 0
0.111548 135.615972 49.946263 0.701 0.708 20152196 4 14 0.512 0.084 16.058 0.077 0 16.57 0.034 0 16.329 0.071 0 15.942 0.056 0 15.911 0.044 0
0.131599 135.628602 49.964603 0.391 0.618 20152196 6 22 0.893 0.121 15.21 0.046 0 16.104 0.112 0 15.68 0.091 0 14.91 0.036 0 14.734 0.056 0
0.147534 135.645455 49.977273 0.109 0.328 20152196 6 30 1.065 0.045 11.84 0.028 0 12.905 0.035 0 12.361 0.044 0 11.538 0.02 0 11.249 0.029 0
0.160038 135.656289 49.987829 0.803 0.435 20122364 2 10 1.269 0.021 16.495 0.019 0 17.765 0.008 0 17.203 0.093 0 15.895 0.026 0 15.307 0.032 0
0.130542 135.564486 49.97314 0.654 0.529 20152196 6 26 0.608 0.078 15.383 0.03 0 15.991 0.072 0 15.646 0.073 0 15.244 0.027 0 15.086 0.056 0
0.132073 135.575809 49.973986 0.385 0.548 20152196 6 26 0.85 0.05 14.036 0.03 0 14.885 0.04 0 14.482 0.135 0 13.813 0.032 0 13.634 0.021 0
