stellarphot/tests/data/all_refcat2_ey_uma.ecsv
# %ECSV 1.0
# ---
# datatype:
# - name: _r
#   datatype: float64
#   format: '{:7.4f}'
#   description: Distance from center (135.55089993+49.84289111)[ICRS], at Epoch=J2015.5
#   meta: !!omap
#   - {ucd: POS_ANG_DIST_GENERAL}
#   - {width: 7}
#   - {precision: '4'}
# - name: GaiaDR2
#   datatype: string
#   description: Display the Gaia DR2 data (Gaia collaboation, 2018, I/345)
#   meta: !!omap
#   - {ucd: DATA_LINK}
#   - {_votable_string_dtype: char}
# - name: RA_ICRS
#   unit: deg
#   datatype: float64
#   format: '{:12.8f}'
#   description: Right ascension from Gaia DR2 (ICRS), epoch 2015.5 (RA)
#   meta: !!omap
#   - {ucd: POS_EQ_RA_MAIN}
#   - {width: 12}
#   - {precision: '8'}
# - name: DE_ICRS
#   unit: deg
#   datatype: float64
#   format: '{:12.8f}'
#   description: Declination from Gaia DR2 (ICRS), epoch 2015.5 (Dec)
#   meta: !!omap
#   - {ucd: POS_EQ_DEC_MAIN}
#   - {width: 12}
#   - {precision: '8'}
# - name: Plx
#   unit: mas
#   datatype: float64
#   format: '{:8.2f}'
#   description: '? Parallax from Gaia DR2 (plx)'
#   meta: !!omap
#   - {ucd: POS_PARLX_TRIG}
#   - {width: 8}
#   - {precision: '2'}
#   - values: {'null': .nan}
# - name: e_Plx
#   unit: mas
#   datatype: float32
#   format: '{:5.2f}'
#   description: '? Parallax uncertainty (dplx)'
#   meta: !!omap
#   - {ucd: ERROR}
#   - {width: 5}
#   - {precision: '2'}
#   - values: {'null': .nan}
# - name: pmRA
#   unit: mas / yr
#   datatype: float64
#   format: '{:8.2f}'
#   description: '? Proper motion in right ascension from Gaia DR2 (pmra)'
#   meta: !!omap
#   - {ucd: POS_EQ_PMRA}
#   - {width: 8}
#   - {precision: '2'}
#   - values: {'null': .nan}
# - name: e_pmRA
#   unit: mas / yr
#   datatype: float32
#   format: '{:5.2f}'
#   description: '? Proper-motion uncertainty in right ascension (dpmra)'
#   meta: !!omap
#   - {ucd: ERROR}
#   - {width: 5}
#   - {precision: '2'}
#   - values: {'null': .nan}
# - name: pmDE
#   unit: mas / yr
#   datatype: float64
#   format: '{:8.2f}'
#   description: '? Proper motion in declination from Gaia DR2 (pmdec)'
#   meta: !!omap
#   - {ucd: POS_EQ_PMDEC}
#   - {width: 8}
#   - {precision: '2'}
#   - values: {'null': .nan}
# - name: e_pmDE
#   unit: mas / yr
#   datatype: float32
#   format: '{:5.2f}'
#   description: '? Proper-motion uncertainty in declination (dpmdec)'
#   meta: !!omap
#   - {ucd: ERROR}
#   - {width: 5}
#   - {precision: '2'}
#   - values: {'null': .nan}
# - name: Gmag
#   unit: mag
#   datatype: float32
#   format: '{:6.3f}'
#   description: '? Gaia DR2 G magnitude (Gaia)'
#   meta: !!omap
#   - {ucd: PHOT_MAG_OPTICAL}
#   - {width: 6}
#   - {precision: '3'}
#   - values: {'null': .nan}
# - name: e_Gmag
#   unit: mag
#   datatype: float32
#   format: '{:6.3f}'
#   description: '? Gaia DR2 G-magnitude uncertainty (dGaia)'
#   meta: !!omap
#   - {ucd: ERROR}
#   - {width: 6}
#   - {precision: '3'}
#   - values: {'null': .nan}
# - name: BPmag
#   unit: mag
#   datatype: float32
#   format: '{:6.3f}'
#   description: '? Gaia GBP magnitude (BP)'
#   meta: !!omap
#   - {ucd: PHOT_MAG_B}
#   - {width: 6}
#   - {precision: '3'}
#   - values: {'null': .nan}
# - name: e_BPmag
#   unit: mag
#   datatype: float64
#   format: '{:7.3f}'
#   description: '? Gaia GBP-magnitude uncertainty (dBP)'
#   meta: !!omap
#   - {ucd: ERROR}
#   - {width: 7}
[...]
#   datatype: float32
#   format: '{:6.3f}'
#   description: '? J-magnitude uncertainty (dJ)'
#   meta: !!omap
#   - {ucd: ERROR}
#   - {width: 6}
#   - {precision: '3'}
#   - values: {'null': .nan}
# - name: Hmag
#   unit: mag
#   datatype: float32
#   format: '{:6.3f}'
#   description: '? 2MASS H magnitude (H)'
#   meta: !!omap
#   - {ucd: PHOT_JHN_H}
#   - {width: 6}
#   - {precision: '3'}
#   - values: {'null': .nan}
# - name: e_Hmag
#   unit: mag
#   datatype: float32
#   format: '{:6.3f}'
#   description: '? 2MASS H-magnitude uncertainty (dH)'
#   meta: !!omap
#   - {ucd: ERROR}
#   - {width: 6}
#   - {precision: '3'}
#   - values: {'null': .nan}
# - name: Kmag
#   unit: mag
#   datatype: float32
#   format: '{:6.3f}'
#   description: '? 2MASS K magnitude (K)'
#   meta: !!omap
#   - {ucd: PHOT_JHN_K}
#   - {width: 6}
#   - {precision: '3'}
#   - values: {'null': .nan}
# - name: e_Kmag
#   unit: mag
#   datatype: float32
#   format: '{:6.3f}'
#   description: '? 2MASS K-magnitude uncertainty (dK)'
#   meta: !!omap
#   - {ucd: ERROR}
#   - {width: 6}
#   - {precision: '3'}
#   - values: {'null': .nan}
# - name: id
#   datatype: int64
#   meta: !!omap
#   - {ucd: meta.id}
# meta: !!omap
# - {ID: J_ApJ_867_105_refcat2}
# - {name: J/ApJ/867/105/refcat2}
# - {description: 'ATLAS all-sky stellar reference catalog, ATLAS-REFCAT2'}
# schema: astropy-2.0
_r GaiaDR2 RA_ICRS DE_ICRS Plx e_Plx pmRA e_pmRA pmDE e_pmDE Gmag e_Gmag BPmag e_BPmag RPmag e_RPmag Teff AG dupvar Ag rp1 r1 r10 gmag e_gmag gchi gcontrib rmag e_rmag rchi rcontrib imag e_imag ichi icontrib zmag e_zmag zchi zcontrib nstat Jmag e_Jmag Hmag e_Hmag Kmag e_Kmag id
9.9097 GaiaDR2 135.62886541 49.68559505 0.09 0.26 -10.61 0.37 -12.27 0.32 19.013 0.002 19.73 0.042 18.167 0.015 "" "" 2 0.073 14.9 14.9 35.7 19.989 0.014 0.23 05 18.963 0.015 0.26 05 18.515 0.011 0.17 05 18.299 0.013 0.14 05 0 "" "" "" "" "" "" 1015783782961610496
9.7124 GaiaDR2 135.63100209 49.68950973 0.63 0.24 4.14 0.32 -4.67 0.32 18.686 0.002 19.48 0.032 17.819 0.012 "" "" 2 0.073 14.9 99.9 99.9 19.804 0.017 0.49 05 18.664 0.013 0.49 05 18.15 0.011 0.52 05 17.908 0.012 0.39 05 0 16.558 0.133 16.006 0.19 15.588 0.191 1015783787257474432
9.8314 GaiaDR2 135.67479051 49.69989883 1.2 0.43 8.23 0.63 -3.54 0.57 19.825 0.004 21.051 0.11 18.631 0.023 "" "" 2 0.074 29.2 29.2 29.2 21.439 0.025 1.12 05 20.287 0.026 2.95 05 19.069 0.013 0.48 05 18.543 0.013 0.99 05 0 17.216 0.211 16.172 0.25 15.666 0.198 1015785019912198016
8.4865 GaiaDR2 135.67100516 49.72460372 1.03 0.09 -16.14 0.12 -4.81 0.1 17.158 0.001 17.946 0.007 16.286 0.004 "" "" 2 0.077 99.9 99.9 99.9 18.226 0.011 0.12 05 17.144 0.011 0.34 05 16.649 0.01 0.16 05 16.437 0.01 0.0 05 0 15.191 0.043 14.508 0.061 14.326 0.056 1015785402165175552
7.7388 GaiaDR2 135.68144353 49.74524782 0.8 0.04 -2.15 0.06 -4.05 0.05 15.657 0.001 16.045 0.003 15.116 0.002 5399 0.038 2 0.08 99.9 99.9 99.9 16.077 0.008 0.28 17 15.61 0.008 1.83 17 15.461 0.008 0.05 17 15.424 0.009 0.26 07 0 14.473 0.033 14.066 0.049 14.016 0.053 1015785436524913408
9.1952 GaiaDR2 135.74267137 49.75253728 4.55 0.13 -5.26 0.19 -46.94 0.16 17.646 0.001 19.216 0.016 16.393 0.005 "" "" 2 0.078 18.4 18.4 99.9 19.556 0.016 0.28 04 18.348 0.012 5.61 05 16.879 0.01 0.64 05 16.221 0.01 1.3 05 1 "" "" "" "" "" "" 1015785672747259776
9.4701 GaiaDR2 135.75049818 49.75171917 0.64 0.07 -2.8 0.1 -10.56 0.09 16.71 0.001 17.097 0.011 16.111 0.005 5324 0.124 2 0.082 18.4 99.9 99.9 17.181 0.011 0.08 05 16.662 0.01 0.0 05 16.465 0.01 0.03 05 16.403 0.01 0.01 05 0 15.435 0.057 14.893 0.084 14.764 0.092 1015785677043080576
9.7076 GaiaDR2 135.74457353 49.74020381 2.27 0.03 -10.89 0.05 -27.77 0.04 11.306 0.001 11.633 0.001 10.833 0.001 5855 "" 2 0.082 99.9 99.9 99.9 11.655 0.012 0.78 13 11.294 0.012 1.39 13 11.185 0.012 0.84 13 11.159 0.015 0.01 03 0 10.282 0.023 9.961 0.03 9.909 0.019 1015785608323604480
7.6973 GaiaDR2 135.7012373 49.75897205 1.27 0.05 -3.95 0.07 -3.71 0.06 15.713 0.001 16.227 0.002 15.057 0.002 4985 0.033 2 0.081 99.9 99.9 99.9 16.321 0.009 0.09 17 15.665 0.008 2.64 17 15.41 0.008 0.12 17 15.314 0.008 0.68 07 0 14.241 0.03 13.759 0.04 13.665 0.038 1015785848841773440
8.7786 GaiaDR2 135.75360292 49.77734797 0.29 0.06 3.41 0.09 -7.5 0.1 16.527 0.001 16.836 0.003 16.05 0.003 6131 0.364 2 0.083 99.9 99.9 99.9 16.842 0.011 0.3 05 16.507 0.011 1.2 15 16.383 0.01 4.76 15 16.373 0.01 0.0 05 1 15.431 0.055 15.194 0.119 15.057 0.113 1015785917561248512
9.841 GaiaDR2 135.54267155 49.67896117 1.87 0.14 1.26 0.19 -4.3 0.16 17.594 0.001 18.682 0.014 16.535 0.007 "" "" 2 0.068 99.9 99.9 99.9 19.06 0.011 0.75 05 17.838 0.011 0.27 05 16.92 0.01 0.74 05 16.518 0.011 0.65 05 0 15.164 0.038 14.596 0.058 14.244 0.061 1015786467317069440
9.5497 GaiaDR2 135.58024062 49.68486161 3.34 0.58 25.1 0.8 -3.62 0.72 19.852 0.005 21.072 0.169 18.51 0.02 "" "" 2 0.068 18.0 18.0 99.9 21.881 0.075 0.4 04 20.691 0.029 0.3 04 19.042 0.013 0.01 05 18.288 0.012 3.99 05 1 16.689 0.142 15.926 0.176 16.021 0.269 1015786600460481024
9.3466 GaiaDR2 135.58517508 49.6886964 0.59 0.52 -19.64 0.76 -16.36 0.64 19.756 0.004 20.703 0.083 18.582 0.025 "" "" 2 0.07 18.0 99.9 99.9 21.238 0.047 0.28 05 20.041 0.025 3.76 05 19.029 0.012 0.05 05 18.575 0.013 0.53 05 0 "" "" "" "" "" "" 1015786600460157312
8.5161 GaiaDR2 135.55405232 49.7009714 1.46 0.27 17.41 0.39 -3.09 0.32 18.934 0.002 19.97 0.049 17.869 0.011 "" "" 2 0.068 99.9 99.9 99.9 20.398 0.023 0.04 05 19.142 0.013 0.27 05 18.255 0.011 0.61 05 17.876 0.013 0.42 05 0 16.697 0.141 15.981 0.2 15.611 0.19 1015786875338071424
9.4964 GaiaDR2 135.42404793 49.70746794 0.38 0.24 -3.63 0.32 1.81 0.31 18.441 0.002 19.156 0.04 17.504 0.01 "" "" 2 0.064 99.9 99.9 99.9 19.553 0.017 1.77 05 18.419 0.015 0.01 05 17.885 0.011 0.05 05 17.633 0.012 0.06 05 0 16.471 0.126 15.557 0.138 15.088 0.144 1015787459453626368
9.503 GaiaDR2 135.44128246 49.70121051 0.89 0.67 -7.13 0.94 -11.66 0.83 20.127 0.006 21.033 0.16 18.771 0.043 "" "" 2 0.063 19.2 99.9 99.9 21.981 0.089 3.03 04 20.839 0.061 0.39 04 19.343 0.012 0.61 05 18.597 0.013 3.75 05 1 "" "" "" "" "" "" 1015787463749485696
7.6205 GaiaDR2 135.50256191 49.71977711 1.18 0.51 -0.69 0.74 -19.22 0.58 19.957 0.005 20.7 0.073 18.776 0.038 "" "" 2 0.065 99.9 99.9 99.9 21.508 0.024 7.81 05 20.288 0.029 0.31 04 19.187 0.014 0.08 05 18.706 0.013 2.64 05 1 17.087 0.231 16.582 0.348 15.71 0.204 1015787734331856512
6.9953 GaiaDR2 135.53361688 49.72683841 0.69 0.45 3.63 0.64 -6.2 0.56 19.64 0.004 20.079 0.041 18.88 0.032 "" "" 2 0.069 99.9 99.9 99.9 20.189 0.123 0.02 01 19.535 0.108 0.01 01 19.256 0.105 0.01 01 19.118 0.106 0.01 01 0 "" "" "" "" "" "" 1015787699971806720
5.6523 GaiaDR2 135.55743787 49.74878118 0.89 0.45 4.21 0.67 -7.28 0.6 19.924 0.004 21.176 0.132 18.757 0.024 "" "" 2 0.067 32.0 99.9 99.9 21.523 0.062 1.34 04 20.395 0.025 2.16 05 19.162 0.013 1.02 05 18.614 0.013 2.27 05 0 "" "" "" "" "" "" 1015787841705450880
6.5702 GaiaDR2 135.49353378 49.73984044 1.04 0.03 -7.17 0.05 -4.85 0.04 15.183 0.001 15.611 0.002 14.602 0.002 5354 0.224 2 0.068 99.9 99.9 99.9 15.662 0.008 0.03 17 15.137 0.008 4.59 17 14.954 0.008 0.23 17 14.895 0.009 2.73 07 0 13.878 0.023 13.609 0.039 13.497 0.035 1015787944785820416
6.2685 GaiaDR2 135.65713168 49.76406048 -0.01 0.43 -6.35 0.61 -11.96 0.51 19.555 0.003 20.21 0.082 18.658 0.026 "" "" 2 0.077 99.9 99.9 99.9 20.587 0.027 1.27 05 19.528 0.016 0.08 05 19.0 0.011 0.21 05 18.784 0.015 0.2 05 0 "" "" "" "" "" "" 1015788455886076544
6.1051 GaiaDR2 135.617232 49.75058713 1.28 0.28 -11.61 0.4 -9.12 0.35 19.05 0.003 20.356 0.078 17.951 0.008 "" "" 2 0.072 28.5 99.9 99.9 20.588 0.017 5.44 05 19.386 0.015 0.01 05 18.328 0.012 1.69 05 17.835 0.013 1.76 05 0 16.673 0.128 15.976 0.174 15.815 "" 1015788528901368832
5.4504 GaiaDR2 135.64751935 49.77682819 0.51 0.12 -5.77 0.18 -14.08 0.16 17.832 0.001 18.443 0.018 17.048 0.005 "" "" 2 0.076 99.9 99.9 99.9 18.64 0.015 0.15 05 17.776 0.01 0.05 05 17.403 0.011 0.07 05 17.254 0.011 0.01 05 0 16.148 0.071 15.391 0.105 15.546 0.167 1015788662044519808
6.2638 GaiaDR2 135.67526121 49.77612296 1.38 0.36 -10.09 0.5 -7.95 0.44 19.307 0.003 20.488 0.114 18.101 0.014 "" "" 6 0.076 5.4 99.9 99.9 20.909 0.037 0.67 05 19.835 0.019 6.24 05 18.551 0.011 0.3 05 18.023 0.029 1.0 05 0 16.46 0.122 15.941 0.177 15.538 0.188 1015788833843210496
5.7718 GaiaDR2 135.67983225 49.7945842 1.3 0.22 8.6 0.38 -7.43 0.31 18.843 0.002 19.817 0.05 17.643 0.014 "" "" 2 0.076 1.5 99.9 99.9 20.135 0.022 1.69 05 19.022 0.019 1.07 05 18.092 0.012 0.07 05 17.725 0.014 0.06 05 0 "" "" "" "" "" "" 1015788872497731968
7.0876 GaiaDR2 135.67483548 49.75597324 1.83 0.03 -1.05 0.04 -7.96 0.03 14.733 0.001 15.278 0.006 14.034 0.004 4871 0.491 2 0.079 99.9 99.9 99.9 15.368 0.011 5.53 15 14.687 0.009 3.61 15 14.38 0.009 1.57 15 14.239 0.012 0.06 05 0 13.135 0.025 12.549 0.03 12.46 0.021 1015788769419535360
4.1279 GaiaDR2 135.63022867 49.79691645 -0.12 0.31 1.98 0.48 -1.1 0.41 19.4 0.003 20.022 0.036 18.61 0.017 "" "" 2 0.073 23.4 99.9 99.9 20.217 0.015 0.1 05 19.31 0.014 0.33 05 18.953 0.012 0.17 05 18.775 0.012 0.09 05 0 "" "" "" "" "" "" 1015789108721132032
4.7465 GaiaDR2 135.66932667 49.82232222 1.47 0.36 8.76 0.57 -5.35 0.5 19.583 0.003 20.882 0.103 18.414 0.018 "" "" 2 0.073 99.9 99.9 99.9 21.492 0.183 0.03 01 19.887 0.125 0.02 01 18.929 0.103 0.01 01 18.42 0.103 0.01 01 0 "" "" "" "" "" "" 1015789250454707072
3.3197 GaiaDR2 135.61520951 49.80628456 0.63 0.32 -2.35 0.5 -1.33 0.43 19.419 0.003 20.075 0.066 18.481 0.02 "" "" 2 0.071 24.0 99.9 99.9 20.558 0.026 3.59 05 19.453 0.013 0.84 05 18.832 0.012 0.18 05 18.555 0.017 0.77 05 0 "" "" "" "" "" "" 1015789486678261504
2.8785 GaiaDR2 135.55187196 49.79491988 0.19 0.15 1.4 0.21 -7.88 0.2 17.999 0.001 18.225 0.011 17.578 0.011 "" "" 2 0.07 99.9 99.9 99.9 18.252 0.013 0.3 05 17.986 0.012 0.03 05 17.901 0.01 0.13 05 17.887 0.012 0.21 05 0 "" "" "" "" "" "" 1015789589757468288
0.7764 GaiaDR2 135.56268721 49.83241935 1.65 0.46 -22.06 0.67 9.58 0.55 19.809 0.004 20.662 0.101 18.542 0.021 "" "" 2 0.066 1.8 33.9 99.9 20.795 0.111 5.08 05 20.075 0.037 6.41 05 18.996 0.012 0.02 05 18.436 0.015 2.9 05 0 16.548 0.144 16.322 0.257 15.361 "" 1015789800210533632
1.3228 GaiaDR2 135.56295197 49.82226036 1.87 0.27 -7.74 0.41 -24.46 0.33 19.112 0.002 20.502 0.071 17.933 0.013 "" "" 2 0.065 3.5 4.7 99.9 20.816 0.033 5.85 05 19.59 0.015 1.07 05 18.359 0.011 1.06 05 17.789 0.011 1.71 05 0 16.256 0.115 15.612 0.155 15.508 0.195 1015789795920464000
1.2925 GaiaDR2 135.56384903 49.82303533 1.54 0.32 -7.27 0.49 -25.0 0.39 19.327 0.003 20.495 0.147 18.109 0.023 "" "" 2 0.065 3.5 3.5 99.9 21.103 0.039 0.04 04 19.842 0.017 4.83 05 18.562 0.011 0.25 05 17.995 0.013 1.64 05 0 16.695 0.148 15.72 0.151 15.73 0.203 1015789795916632832
1.981 GaiaDR2 135.58651998 49.81918018 0.12 0.03 2.83 0.05 -7.19 0.04 15.06 0.012 15.251 0.045 14.669 0.027 6772 1.339 5 0.071 99.9 99.9 99.9 15.116 0.049 1.3 15 15.236 0.015 8.94 15 14.982 0.026 9.32 15 15.02 0.049 0.03 05 0 13.973 0.03 13.875 0.054 13.808 0.056 1015789765851950336
3.9239 GaiaDR2 135.64681185 49.82168862 0.74 0.09 -3.0 0.14 -6.31 0.12 17.195 0.001 17.871 0.009 16.397 0.004 "" "" 2 0.073 20.1 99.9 99.9 18.095 0.012 0.22 05 17.143 0.011 0.17 05 16.75 0.01 0.1 05 16.602 0.011 0.06 05 0 15.42 0.049 14.863 0.08 14.742 0.093 1015789898995133952
3.9142 GaiaDR2 135.64342559 49.81655499 1.15 0.15 3.85 0.22 -7.59 0.21 18.209 0.001 19.105 0.026 17.214 0.007 "" "" 2 0.072 20.1 20.1 99.9 19.53 0.016 0.5 05 18.3 0.012 0.02 05 17.594 0.01 0.31 05 17.27 0.013 0.28 05 0 16.017 0.092 15.085 0.098 14.99 0.118 1015789898995130752
4.0637 GaiaDR2 135.65565754 49.83812876 0.54 0.17 -3.29 0.27 -6.77 0.26 18.397 0.002 19.111 0.026 17.527 0.01 "" "" 2 0.073 18.6 99.9 99.9 19.42 0.015 0.82 05 18.363 0.011 0.08 05 17.887 0.011 0.1 05 17.679 0.012 0.02 05 0 16.373 0.12 15.849 0.169 15.424 0.161 1015790002074357248
2.0289 GaiaDR2 135.59659062 49.85949002 2.11 0.11 -6.89 0.15 15.62 0.12 17.304 0.001 18.283 0.01 16.302 0.005 "" "" 2 0.068 26.5 99.9 99.9 18.66 0.013 0.03 05 17.435 0.012 0.01 05 16.686 0.01 0.41 05 16.338 0.011 0.33 05 0 15.041 0.046 14.499 0.048 14.103 0.058 1015790246888286464
2.1438 GaiaDR2 135.60370434 49.85372428 1.11 0.22 1.54 0.35 -6.28 0.33 18.913 0.002 20.028 0.055 17.738 0.011 "" "" 2 0.068 15.6 26.5 99.9 20.368 0.027 2.29 05 19.158 0.019 0.44 05 18.166 0.011 0.4 05 17.733 0.013 0.19 05 0 16.308 0.105 15.43 0.115 15.178 0.14 1015790242592531840
2.219 GaiaDR2 135.60717524 49.85002538 0.77 0.38 -5.49 0.6 -13.59 0.58 19.692 0.003 20.54 0.074 18.658 0.023 "" "" 2 0.068 15.6 15.6 99.9 21.039 0.027 1.06 05 19.82 0.015 0.68 05 19.03 0.012 0.37 05 18.636 0.014 1.68 05 0 "" "" "" "" "" "" 1015790178168809344
3.2752 GaiaDR2 135.63256954 49.8572697 0.14 0.06 3.52 0.1 -6.1 0.09 16.741 0.001 17.025 0.004 16.286 0.005 5990 "" 2 0.073 99.9 99.9 99.9 17.019 0.01 0.0 05 16.709 0.011 0.02 05 16.627 0.01 0.05 05 16.616 0.014 0.01 05 0 15.717 0.062 15.454 0.128 15.773 0.226 1015790281248023424
4.0779 GaiaDR2 135.64195554 49.87714876 2.01 0.06 17.57 0.09 11.35 0.09 16.623 0.001 17.502 0.005 15.689 0.003 3988 0.025 2 0.071 3.9 99.9 99.9 17.856 0.011 0.15 05 16.677 0.011 0.11 05 16.053 0.01 0.37 05 15.787 0.01 0.07 05 0 14.545 0.049 13.823 0.055 13.688 0.054 1015790315607728896
4.0906 GaiaDR2 135.6413915 49.87817754 2.07 0.14 -5.03 0.2 4.41 0.21 18.03 0.001 19.047 0.021 16.981 0.007 "" "" 2 0.071 3.9 3.9 99.9 19.496 0.013 0.05 05 18.251 0.012 0.55 05 17.363 0.01 0.61 05 16.977 0.011 0.68 05 0 15.599 0.067 14.947 0.083 14.806 0.105 1015790311312809216
9.922 GaiaDR2 135.39159627 49.71341619 1.68 0.27 3.64 0.36 -10.47 0.35 18.666 0.002 19.717 0.05 17.52 0.009 "" "" 2 0.062 99.9 99.9 99.9 20.214 0.025 0.02 05 19.063 0.012 5.91 05 17.934 0.011 0.41 05 17.443 0.01 1.71 05 0 16.177 0.104 15.55 0.121 14.997 0.105 1015793407984225152
9.4167 GaiaDR2 135.33857118 49.76638832 3.23 0.14 -50.4 0.21 -7.59 0.18 17.879 0.001 19.174 0.028 16.762 0.005 "" "" 2 0.061 99.9 99.9 99.9 19.538 0.013 4.25 05 18.252 0.01 0.31 05 17.174 0.01 0.92 05 16.696 0.011 0.68 05 0 "" "" "" "" "" "" 1015794507495853696
8.5679 GaiaDR2 135.40375726 49.73627274 22.91 0.04 -84.9 0.07 -129.0 0.06 7.788 0.001 8.112 0.001 7.315 0.001 5814 0.081 2 0.066 99.9 99.9 99.9 8.121 0.1 0.03 01 7.778 0.1 0.04 01 7.679 0.1 0.04 01 7.638 0.1 0.04 01 0 "" "" "" "" "" "" 1015799283499485440
8.4222 GaiaDR2 135.43133585 49.72565533 3.96 0.03 -0.83 0.05 -39.59 0.04 12.596 0.001 13.063 0.001 11.995 0.001 5073 0.226 2 0.07 99.9 99.9 99.9 13.137 0.012 0.7 13 12.557 0.012 0.2 13 14.193 0.01 1.63 04 12.262 0.015 0.34 03 3 11.301 0.017 10.905 0.029 10.803 0.021 1015799249139745792
6.3722 GaiaDR2 135.44800921 49.76001199 1.04 0.4 -10.21 0.6 -2.37 0.46 19.469 0.003 20.481 0.077 18.343 0.015 "" "" 2 0.064 17.7 99.9 99.9 20.931 0.044 0.03 05 19.772 0.022 2.68 05 18.745 0.011 0.45 05 18.301 0.015 1.13 05 0 "" "" "" "" "" "" 1015799451002350720
6.9452 GaiaDR2 135.4316049 49.75646261 4.25 0.04 2.82 0.06 9.51 0.04 12.581 0.001 13.062 0.001 11.962 0.001 5022 0.221 2 0.066 99.9 99.9 99.9 13.144 0.012 0.71 13 12.54 0.012 0.86 13 12.321 0.012 0.04 13 12.219 0.015 0.0 03 0 11.204 0.019 10.829 0.035 10.683 0.016 1015799420938436992
8.0876 GaiaDR2 135.4010948 49.7489867 1.03 0.23 6.34 0.32 -7.48 0.29 18.462 0.002 19.646 0.036 17.295 0.01 "" "" 2 0.063 2.6 99.9 99.9 20.007 0.015 3.03 05 18.861 0.019 2.91 05 17.716 0.012 0.61 05 17.217 0.011 1.09 05 0 15.709 0.072 15.146 0.107 14.653 0.088 1015799519722252416
7.8822 GaiaDR2 135.39466454 49.75869592 -0.35 0.23 0.32 0.32 0.25 0.31 18.677 0.003 18.73 0.022 18.237 0.027 "" "" 2 0.066 28.4 28.4 28.4 19.054 0.015 0.27 04 18.722 0.023 2.7 05 18.659 0.015 0.43 05 18.826 0.032 4.21 05 1 "" "" "" "" "" "" 1015799592737130368
8.1207 GaiaDR2 135.39996786 49.74894344 0.11 0.53 4.81 0.78 -7.25 0.63 19.952 0.005 20.935 0.116 18.706 0.021 "" "" 2 0.063 2.6 2.6 99.9 21.438 0.199 0.28 01 20.36 0.045 7.99 05 19.117 0.017 0.5 05 18.551 0.016 3.91 05 1 "" "" "" "" "" "" 1015799519722418304
7.4244 GaiaDR2 135.40176116 49.76513031 0.79 0.03 -0.11 0.05 0.28 0.04 14.618 0.001 14.92 0.002 14.152 0.001 6033 0.126 6 0.066 99.9 99.9 99.9 14.938 0.009 0.39 15 14.6 0.01 0.28 15 14.492 0.009 0.71 15 14.489 0.01 0.01 05 0 13.598 0.025 13.363 0.036 13.282 0.028 1015799588441091072
6.2967 GaiaDR2 135.41180906 49.78849854 1.48 0.04 -8.55 0.06 1.47 0.05 8.242 0.001 8.94 0.001 7.472 0.001 4422 0.318 2 0.065 99.9 99.9 99.9 9.117 0.1 0.02 01 8.257 0.1 0.03 01 7.856 0.1 0.04 01 7.654 0.1 0.04 01 0 6.388 0.033 5.702 0.019 5.549 0.013 1015799730176082688
6.1865 GaiaDR2 135.41551038 49.78812263 0.38 0.08 2.16 0.11 -8.8 0.12 16.462 0.001 16.709 0.009 15.838 0.013 5516 0.508 2 0.067 8.7 8.7 8.7 16.07 0.01 0.26 04 15.873 0.01 0.26 04 15.911 0.044 10.43 05 16.036 0.07 2.27 05 2 "" "" "" "" "" "" 1015799725880862848
5.3002 GaiaDR2 135.45388165 49.78057053 11.06 0.39 97.54 0.6 85.65 0.5 19.547 0.003 19.912 0.044 18.941 0.044 "" "" 2 0.067 99.9 99.9 99.9 19.965 0.134 0.02 01 19.487 0.113 0.01 01 19.31 0.109 0.01 01 19.227 0.11 0.01 01 0 "" "" "" "" "" "" 1015799828959492352
5.0189 GaiaDR2 135.48884007 49.76945432 1.03 0.02 0.28 0.04 -15.77 0.03 13.87 0.001 14.17 0.001 13.406 0.001 5496 0.23 2 0.068 99.9 99.9 99.9 14.189 0.008 0.77 17 13.862 0.009 0.34 17 13.746 0.008 0.88 17 13.74 0.009 0.12 07 0 12.854 0.019 12.598 0.033 12.498 0.021 1015799798895556864
2.7329 GaiaDR2 135.49506987 49.81500408 0.25 0.24 3.14 0.36 -9.57 0.33 18.961 0.002 19.755 0.036 18.063 0.012 "" "" 2 0.065 21.9 21.9 21.9 20.078 0.02 0.31 05 18.985 0.018 0.03 05 18.403 0.011 0.45 05 18.172 0.013 0.14 05 0 "" "" "" "" "" "" 1015800000758210048
