stellarphot/tests/data/all_refcat2_ey_uma.ecsv
# %ECSV 1.0
# ---
# datatype:
# - name: _r
#   datatype: float64
#   format: '{:7.4f}'
#   description: Distance from center (135.55089993+49.84289111)[ICRS], at Epoch=J2015.5
#   meta: !!omap
#   - {ucd: POS_ANG_DIST_GENERAL}
#   - {width: 7}
#   - {precision: '4'}
# - name: GaiaDR2
#   datatype: string
#   description: Display the Gaia DR2 data (Gaia collaboation, 2018, I/345)
#   meta: !!omap
#   - {ucd: DATA_LINK}
#   - {_votable_string_dtype: char}
# - name: RA_ICRS
#   unit: deg
#   datatype: float64
#   format: '{:12.8f}'
#   description: Right ascension from Gaia DR2 (ICRS), epoch 2015.5 (RA)
#   meta: !!omap
#   - {ucd: POS_EQ_RA_MAIN}
#   - {width: 12}
#   - {precision: '8'}
# - name: DE_ICRS
#   unit: deg
#   datatype: float64
#   format: '{:12.8f}'
#   description: Declination from Gaia DR2 (ICRS), epoch 2015.5 (Dec)
#   meta: !!omap
#   - {ucd: POS_EQ_DEC_MAIN}
#   - {width: 12}
#   - {precision: '8'}
# - name: Plx
#   unit: mas
#   datatype: float64
#   format: '{:8.2f}'
#   description: '? Parallax from Gaia DR2 (plx)'
#   meta: !!omap
#   - {ucd: POS_PARLX_TRIG}
#   - {width: 8}
#   - {precision: '2'}
#   - values: {'null': .nan}
# - name: e_Plx
#   unit: mas
#   datatype: float32
#   format: '{:5.2f}'
#   description: '? Parallax uncertainty (dplx)'
#   meta: !!omap
#   - {ucd: ERROR}
#   - {width: 5}
#   - {precision: '2'}
#   - values: {'null': .nan}
# - name: pmRA
#   unit: mas / yr
#   datatype: float64
#   format: '{:8.2f}'
#   description: '? Proper motion in right ascension from Gaia DR2 (pmra)'
#   meta: !!omap
#   - {ucd: POS_EQ_PMRA}
#   - {width: 8}
#   - {precision: '2'}
#   - values: {'null': .nan}
# - name: e_pmRA
#   unit: mas / yr
#   datatype: float32
#   format: '{:5.2f}'
#   description: '? Proper-motion uncertainty in right ascension (dpmra)'
#   meta: !!omap
#   - {ucd: ERROR}
#   - {width: 5}
#   - {precision: '2'}
#   - values: {'null': .nan}
# - name: pmDE
#   unit: mas / yr
#   datatype: float64
#   format: '{:8.2f}'
#   description: '? Proper motion in declination from Gaia DR2 (pmdec)'
#   meta: !!omap
#   - {ucd: POS_EQ_PMDEC}
#   - {width: 8}
#   - {precision: '2'}
#   - values: {'null': .nan}
# - name: e_pmDE
#   unit: mas / yr
#   datatype: float32
#   format: '{:5.2f}'
#   description: '? Proper-motion uncertainty in declination (dpmdec)'
#   meta: !!omap
#   - {ucd: ERROR}
#   - {width: 5}
#   - {precision: '2'}
#   - values: {'null': .nan}
# - name: Gmag
#   unit: mag
#   datatype: float32
#   format: '{:6.3f}'
#   description: '? Gaia DR2 G magnitude (Gaia)'
#   meta: !!omap
#   - {ucd: PHOT_MAG_OPTICAL}
#   - {width: 6}
#   - {precision: '3'}
#   - values: {'null': .nan}
# - name: e_Gmag
#   unit: mag
#   datatype: float32
#   format: '{:6.3f}'
#   description: '? Gaia DR2 G-magnitude uncertainty (dGaia)'
#   meta: !!omap
#   - {ucd: ERROR}
#   - {width: 6}
#   - {precision: '3'}
#   - values: {'null': .nan}
# - name: BPmag
#   unit: mag
#   datatype: float32
#   format: '{:6.3f}'
#   description: '? Gaia GBP magnitude (BP)'
#   meta: !!omap
#   - {ucd: PHOT_MAG_B}
#   - {width: 6}
#   - {precision: '3'}
#   - values: {'null': .nan}
# - name: e_BPmag
#   unit: mag
#   datatype: float64
#   format: '{:7.3f}'
#   description: '? Gaia GBP-magnitude uncertainty (dBP)'
#   meta: !!omap
#   - {ucd: ERROR}
#   - {width: 7}
[...]
#   datatype: float32
#   format: '{:6.3f}'
#   description: '? J-magnitude uncertainty (dJ)'
#   meta: !!omap
#   - {ucd: ERROR}
#   - {width: 6}
#   - {precision: '3'}
#   - values: {'null': .nan}
# - name: Hmag
#   unit: mag
#   datatype: float32
#   format: '{:6.3f}'
#   description: '? 2MASS H magnitude (H)'
#   meta: !!omap
#   - {ucd: PHOT_JHN_H}
#   - {width: 6}
#   - {precision: '3'}
#   - values: {'null': .nan}
# - name: e_Hmag
#   unit: mag
#   datatype: float32
#   format: '{:6.3f}'
#   description: '? 2MASS H-magnitude uncertainty (dH)'
#   meta: !!omap
#   - {ucd: ERROR}
#   - {width: 6}
#   - {precision: '3'}
#   - values: {'null': .nan}
# - name: Kmag
#   unit: mag
#   datatype: float32
#   format: '{:6.3f}'
#   description: '? 2MASS K magnitude (K)'
#   meta: !!omap
#   - {ucd: PHOT_JHN_K}
#   - {width: 6}
#   - {precision: '3'}
#   - values: {'null': .nan}
# - name: e_Kmag
#   unit: mag
#   datatype: float32
#   format: '{:6.3f}'
#   description: '? 2MASS K-magnitude uncertainty (dK)'
#   meta: !!omap
#   - {ucd: ERROR}
#   - {width: 6}
#   - {precision: '3'}
#   - values: {'null': .nan}
# - name: id
#   datatype: int64
#   meta: !!omap
#   - {ucd: meta.id}
# meta: !!omap
# - {ID: J_ApJ_867_105_refcat2}
# - {name: J/ApJ/867/105/refcat2}
# - {description: 'ATLAS all-sky stellar reference catalog, ATLAS-REFCAT2'}
# schema: astropy-2.0
_r GaiaDR2 RA_ICRS DE_ICRS Plx e_Plx pmRA e_pmRA pmDE e_pmDE Gmag e_Gmag BPmag e_BPmag RPmag e_RPmag Teff AG dupvar Ag rp1 r1 r10 gmag e_gmag gchi gcontrib rmag e_rmag rchi rcontrib imag e_imag ichi icontrib zmag e_zmag zchi zcontrib nstat Jmag e_Jmag Hmag e_Hmag Kmag e_Kmag id
[from data line 174]
8.7293 GaiaDR2 135.64032741 49.97649647 0.93 0.28 4.87 0.4 1.21 0.42 19.054 0.002 19.871 0.072 17.9 0.022 "" "" 2 0.07 12.2 12.2 12.2 20.428 0.042 1.42 05 19.197 0.011 2.13 05 18.35 0.013 0.01 05 17.967 0.011 0.08 05 0 16.823 0.191 16.212 0.24 15.603 0.207 1015826049735629952
7.8875 GaiaDR2 135.62854076 49.96446699 1.49 0.03 -9.84 0.04 -41.29 0.04 14.984 0.001 15.444 0.003 14.361 0.001 5069 0.012 2 0.072 99.9 99.9 99.9 15.513 0.008 0.28 17 14.949 0.008 0.56 17 14.718 0.008 0.33 17 14.629 0.009 0.02 07 0 "" "" "" "" "" "" 1015826015375892608
8.8536 GaiaDR2 135.64545473 49.97730041 0.59 0.03 -0.57 0.05 -1.62 0.04 11.615 0.001 12.14 0.001 10.96 0.001 4867 0.025 2 0.072 99.9 99.9 99.9 12.253 0.02 0.01 11 11.596 0.02 0.02 11 11.34 0.02 0.01 11 11.202 0.1 0.01 01 0 10.154 0.025 9.56 0.03 9.476 0.019 1015826049735629568
8.853 GaiaDR2 135.66840632 49.96955445 1.12 0.31 -7.68 0.44 -6.83 0.53 19.064 0.002 19.975 0.053 17.966 0.015 "" "" 2 0.071 30.4 99.9 99.9 20.593 0.024 2.89 05 19.373 0.014 5.48 05 18.369 0.01 0.24 05 17.925 0.011 1.63 05 0 16.505 0.13 15.965 0.189 16.431 "" 1015826217238671232
8.9289 GaiaDR2 135.64986549 49.97736882 1.72 0.36 4.75 0.51 1.72 0.51 19.439 0.003 19.999 0.06 18.274 0.029 "" "" 2 0.071 10.2 10.2 10.2 20.565 0.016 4.24 05 19.409 0.024 2.5 05 18.633 0.013 0.27 05 18.264 0.015 2.08 05 0 16.414 0.18 14.828 "" 15.267 "" 1015826423397400576
9.5179 GaiaDR2 135.65699351 49.98605797 1.48 0.61 -11.26 0.88 -13.98 0.82 20.095 0.005 20.6 0.143 18.86 0.029 "" "" 2 0.07 7.2 7.2 7.2 21.574 0.101 10.52 04 20.558 0.033 0.31 04 19.283 0.012 0.02 05 18.688 0.014 8.4 05 1 "" "" "" "" "" "" 1015826423397355520
9.61 GaiaDR2 135.65621679 49.98799317 1.95 0.05 0.18 0.07 -16.4 0.07 15.912 0.001 16.708 0.005 15.034 0.002 4182 0.784 2 0.071 99.9 99.9 99.9 17.024 0.011 9.63 15 15.926 0.01 0.13 15 15.404 0.01 0.69 15 15.182 0.01 0.0 05 0 13.972 0.031 13.315 0.031 13.184 0.035 1015826427692751232
7.536 GaiaDR2 135.55429966 49.96847275 1.79 0.49 2.52 0.64 0.29 0.76 18.887 0.003 19.722 0.046 17.744 0.012 "" "" 2 0.067 29.3 29.3 29.3 20.198 0.019 0.52 05 18.96 0.013 0.6 05 18.144 0.011 0.23 05 17.765 0.011 0.53 05 0 16.735 0.147 16.001 0.195 15.642 0.2 1015826766994484608
8.3411 GaiaDR2 135.58466008 49.98019934 2.6 0.38 11.77 0.62 -14.68 0.56 19.638 0.004 21.103 0.136 18.369 0.017 "" "" 2 0.067 30.5 30.5 30.5 21.492 0.048 2.47 04 20.177 0.029 1.27 05 18.819 0.012 1.01 05 18.182 0.013 1.96 05 0 16.825 0.162 15.874 0.184 15.756 0.23 1015826805648624000
7.8387 GaiaDR2 135.56455924 49.97324018 0.67 0.03 4.06 0.06 -8.59 0.06 15.249 0.001 15.539 0.002 14.787 0.002 6141 0.043 2 0.071 26.0 26.0 99.9 15.556 0.008 5.85 17 15.238 0.008 4.33 17 15.129 0.008 2.97 17 15.11 0.009 2.99 07 0 14.273 0.03 13.841 0.048 13.91 0.044 1015826771290138496
7.9218 GaiaDR2 135.57573597 49.9739482 1.9 0.02 -19.62 0.03 -14.17 0.03 13.887 0.001 14.291 0.002 13.333 0.001 5387 0.118 2 0.071 26.0 99.9 99.9 14.34 0.008 0.47 17 13.844 0.008 1.87 17 13.697 0.008 0.73 17 13.637 0.009 2.18 07 0 12.688 0.023 12.404 0.031 12.258 0.017 1015826805649876480
9.8846 GaiaDR2 135.61674714 50.00208583 1.85 0.64 -1.01 1.12 0.46 0.9 20.277 0.006 20.861 0.091 18.978 0.037 "" "" 2 0.069 28.4 28.4 99.9 21.475 0.128 4.72 05 20.903 0.043 0.37 04 19.494 0.016 0.61 05 18.805 0.015 7.06 05 1 "" "" "" "" "" "" 1015826874368539136
9.4206 GaiaDR2 135.61136076 49.99499853 -0.18 0.31 -2.37 0.48 -5.76 0.47 19.306 0.003 19.5 0.041 18.865 0.04 "" "" 2 0.072 28.4 99.9 99.9 19.469 0.129 0.01 01 19.25 0.111 0.01 01 19.224 0.108 0.01 01 19.222 0.108 0.01 01 0 "" "" "" "" "" "" 1015826870073718784
